512
0
0.000619
-0.000735
-0.002102
-0.003484
-0.004881
-0.006295
-0.007725
-0.009172
-0.010637
-0.012121
-0.013623
-0.015146
-0.016688
-0.018251
-0.019835
-0.021441
-0.023068
-0.024718
-0.02639
-0.028085
-0.029803
-0.031544
-0.033308
-0.035096
-0.036906
-0.03874
-0.040596
-0.042475
-0.044377
-0.0463
-0.048245
-0.05021
-0.052196
-0.054202
-0.056226
-0.058269
-0.060329
-0.062404
-0.064495
-0.0666
-0.068717
-0.070846
-0.072985
-0.075132
-0.077286
-0.079446
-0.081609
-0.083773
-0.085938
-0.088101
-0.09026
-0.092413
-0.094558
-0.096693
-0.098815
-0.100922
-0.103013
-0.105083
-0.107132
-0.109156
-0.111153
-0.113121
-0.115056
-0.116956
-0.118818
-0.12064
-0.122419
-0.124152
-0.125836
-0.127469
-0.129047
-0.130568
-0.132028
-0.133426
-0.134758
-0.136021
-0.137212
-0.138328
-0.139368
-0.140327
-0.141203
-0.141993
-0.142694
-0.143304
-0.14382
-0.144239
-0.144558
-0.144775
-0.144887
-0.144892
-0.144787
-0.144569
-0.144237
-0.143787
-0.143218
-0.142526
-0.141711
-0.140769
-0.139698
-0.138497
-0.137163
-0.135695
-0.134091
-0.132348
-0.130465
-0.12844
-0.126272
-0.123959
-0.121499
-0.118892
-0.116136
-0.113229
-0.110171
-0.10696
-0.103595
-0.100076
-0.096401
-0.09257
-0.088581
-0.084435
-0.080131
-0.075668
-0.071046
-0.066264
-0.061323
-0.056222
-0.050962
-0.045542
-0.039962
-0.034223
-0.028325
-0.022268
-0.016053
-0.009681
-0.003152
0.003533
0.010373
0.017367
0.024514
0.031814
0.039263
0.046863
0.05461
0.062503
0.070542
0.078723
0.087045
0.095507
0.104105
0.112839
0.121706
0.130703
0.139828
0.149079
0.158453
0.167947
0.177558
0.187285
0.197122
0.207069
0.217121
0.227274
0.237527
0.247875
0.258315
0.268843
0.279455
0.290148
0.300918
0.311761
0.322672
0.333648
0.344685
0.355778
0.366923
0.378115
0.38935
0.400624
0.411932
0.423269
0.43463
0.446011
0.457407
0.468813
0.480224
0.491636
0.503042
0.514438
0.525819
0.53718
0.548516
0.559821
0.571091
0.582319
0.593502
0.604633
0.615708
0.62672
0.637666
0.648539
0.659335
0.670048
0.680673
0.691205
0.701639
0.711969
0.72219
0.732298
0.742287
0.752152
0.761889
0.771492
0.780956
0.790278
0.799451
0.808471
0.817335
0.826036
0.834571
0.842935
0.851124
0.859134
0.86696
0.874599
0.882046
0.889298
0.89635
0.9032
0.909842
0.916275
0.922495
0.928497
0.93428
0.939839
0.945173
0.950278
0.955152
0.959791
0.964194
0.968358
0.972281
0.975961
0.979395
0.982583
0.985522
0.98821
0.990647
0.992832
0.994762
0.996436
0.997852
0.999029
1
1
1
1
1
1
1
0.999029
0.997852
0.996436
0.994762
0.992831
0.990647
0.98821
0.985522
0.982583
0.979395
0.975961
0.972281
0.968358
0.964194
0.959791
0.955152
0.950278
0.945173
0.939839
0.93428
0.928497
0.922495
0.916275
0.909843
0.9032
0.89635
0.889298
0.882046
0.874599
0.86696
0.859134
0.851124
0.842935
0.834571
0.826036
0.817335
0.808472
0.799451
0.790278
0.780956
0.771492
0.761889
0.752152
0.742287
0.732298
0.72219
0.711969
0.701639
0.691205
0.680673
0.670048
0.659335
0.64854
0.637666
0.62672
0.615708
0.604633
0.593502
0.582319
0.571091
0.559821
0.548516
0.53718
0.525819
0.514438
0.503042
0.491636
0.480225
0.468813
0.457408
0.446012
0.43463
0.423269
0.411932
0.400625
0.389351
0.378115
0.366923
0.355778
0.344685
0.333649
0.322672
0.311761
0.300918
0.290148
0.279455
0.268843
0.258315
0.247875
0.237527
0.227275
0.217121
0.207069
0.197123
0.187285
0.177558
0.167947
0.158453
0.149079
0.139828
0.130703
0.121706
0.112839
0.104105
0.095507
0.087045
0.078723
0.070542
0.062504
0.05461
0.046863
0.039264
0.031814
0.024514
0.017367
0.010373
0.003533
-0.003152
-0.009681
-0.016053
-0.022268
-0.028325
-0.034223
-0.039962
-0.045542
-0.050962
-0.056222
-0.061323
-0.066264
-0.071046
-0.075668
-0.080131
-0.084435
-0.088581
-0.09257
-0.096401
-0.100076
-0.103595
-0.10696
-0.110171
-0.113229
-0.116136
-0.118892
-0.121499
-0.123959
-0.126272
-0.12844
-0.130464
-0.132347
-0.13409
-0.135695
-0.137163
-0.138497
-0.139698
-0.140768
-0.14171
-0.142526
-0.143217
-0.143787
-0.144237
-0.144569
-0.144787
-0.144892
-0.144887
-0.144775
-0.144558
-0.144239
-0.14382
-0.143304
-0.142694
-0.141993
-0.141202
-0.140327
-0.139368
-0.138328
-0.137212
-0.13602
-0.134758
-0.133426
-0.132028
-0.130568
-0.129047
-0.127469
-0.125836
-0.124152
-0.122419
-0.12064
-0.118818
-0.116956
-0.115056
-0.113121
-0.111153
-0.109156
-0.107132
-0.105083
-0.103012
-0.100922
-0.098815
-0.096693
-0.094558
-0.092413
-0.09026
-0.088101
-0.085938
-0.083773
-0.081608
-0.079445
-0.077286
-0.075132
-0.072985
-0.070846
-0.068717
-0.0666
-0.064495
-0.062404
-0.060329
-0.058269
-0.056226
-0.054202
-0.052196
-0.05021
-0.048245
-0.0463
-0.044377
-0.042475
-0.040596
-0.03874
-0.036906
-0.035096
-0.033308
-0.031544
-0.029803
-0.028085
-0.02639
-0.024718
-0.023068
-0.021441
-0.019835
-0.018251
-0.016688
-0.015146
-0.013623
-0.012121
-0.010637
-0.009172
-0.007725
-0.006295
-0.004881
-0.003484
-0.002102
-0.000735
0
