128
-0.002218
-0.022385
-0.045553
-0.06992
-0.095617
-0.12274
-0.151338
-0.181397
-0.212834
-0.245497
-0.279148
-0.313473
-0.348072
-0.382479
-0.41615
-0.448486
-0.478833
-0.506504
-0.53078
-0.550929
-0.566217
-0.575921
-0.579341
-0.575811
-0.564704
-0.545446
-0.517525
-0.480486
-0.433955
-0.377628
-0.31128
-0.234771
-0.148052
-0.051154
0.055787
0.17255
0.298813
0.434157
0.578063
0.729912
0.888991
1.054488
1.225499
1.401034
1.580021
1.761317
1.943715
2.125953
2.306733
2.484727
2.658595
2.827003
2.988626
3.142177
3.286413
3.420153
3.542293
3.651812
3.747789
3.829415
3.895995
3.946962
3.981882
3.999029
4
3.988079
3.95721
3.91022
3.847495
3.76957
3.67711
3.570894
3.451817
3.320877
3.179157
3.02782
2.868096
2.701261
2.528634
2.351545
2.171336
1.989341
1.806863
1.625177
1.445501
1.269
1.096761
0.929798
0.769035
0.615307
0.469353
0.331817
0.203241
0.084068
-0.025353
-0.124778
-0.214049
-0.293109
-0.361987
-0.420802
-0.469756
-0.509135
-0.539295
-0.560673
-0.573767
-0.579135
-0.577392
-0.569193
-0.555235
-0.536232
-0.51292
-0.486029
-0.456286
-0.424383
-0.390988
-0.356712
-0.322112
-0.28768
-0.253828
-0.220893
-0.189132
-0.158717
-0.129751
-0.102261
-0.076215
-0.051527
-0.028073
-0.006321
