512
0
0.004678
0.002119
-0.000427
-0.002959
-0.005476
-0.007978
-0.010463
-0.012931
-0.015382
-0.017815
-0.02023
-0.022626
-0.025004
-0.027362
-0.029702
-0.032023
-0.034325
-0.036608
-0.038872
-0.041118
-0.043345
-0.045554
-0.047744
-0.049916
-0.052071
-0.054208
-0.056327
-0.058429
-0.060514
-0.062581
-0.064632
-0.066665
-0.068681
-0.07068
-0.072661
-0.074625
-0.076571
-0.078498
-0.080407
-0.082297
-0.084167
-0.086017
-0.087845
-0.089652
-0.091436
-0.093196
-0.094931
-0.09664
-0.098322
-0.099975
-0.101598
-0.103189
-0.104747
-0.106271
-0.107757
-0.109205
-0.110613
-0.111978
-0.113299
-0.114573
-0.115798
-0.116972
-0.118093
-0.119158
-0.120165
-0.121111
-0.121994
-0.122812
-0.123561
-0.12424
-0.124846
-0.125376
-0.125827
-0.126197
-0.126484
-0.126684
-0.126795
-0.126815
-0.126741
-0.126571
-0.126301
-0.12593
-0.125455
-0.124873
-0.124183
-0.123382
-0.122467
-0.121437
-0.120289
-0.119022
-0.117633
-0.11612
-0.114481
-0.112715
-0.11082
-0.108794
-0.106635
-0.104342
-0.101914
-0.099349
-0.096645
-0.093802
-0.090818
-0.087693
-0.084424
-0.081013
-0.077456
-0.073754
-0.069907
-0.065913
-0.061771
-0.057482
-0.053046
-0.048461
-0.043728
-0.038846
-0.033816
-0.028637
-0.02331
-0.017835
-0.012212
-0.006442
-0.000524
0.00554
0.01175
0.018105
0.024605
0.031248
0.038034
0.044962
0.05203
0.059237
0.066583
0.074065
0.081683
0.089434
0.097317
0.105331
0.113473
0.121743
0.130136
0.138653
0.147289
0.156044
0.164915
0.173899
0.182994
0.192197
0.201506
0.210917
0.220427
0.230035
0.239735
0.249526
0.259404
0.269365
0.279406
0.289524
0.299714
0.309973
0.320297
0.330683
0.341125
0.351621
0.362165
0.372753
0.383382
0.394047
0.404743
0.415465
0.42621
0.436973
0.447749
0.458533
0.46932
0.480106
0.490886
0.501655
0.512408
0.523141
0.533848
0.544525
0.555167
0.565768
0.576325
0.586832
0.597285
0.607678
0.618008
0.628269
0.638456
0.648567
0.658595
0.668536
0.678387
0.688142
0.697799
0.707351
0.716797
0.726131
0.735349
0.744449
0.753427
0.762279
0.771001
0.779591
0.788046
0.796361
0.804535
0.812565
0.820447
0.82818
0.835761
0.843188
0.850458
0.857569
0.86452
0.871309
0.877933
0.884392
0.890683
0.896806
0.90276
0.908542
0.914152
0.91959
0.924853
0.929941
0.934854
0.939591
0.944151
0.948534
0.95274
0.956767
0.960616
0.964287
0.967779
0.971092
0.974226
0.97718
0.979956
0.982552
0.984969
0.987207
0.989265
0.991144
0.992844
0.994365
0.995707
0.99687
0.997854
0.998659
0.999285
0.999732
1
1
1
0.999732
0.999285
0.998659
0.997854
0.99687
0.995707
0.994365
0.992844
0.991144
0.989265
0.987207
0.984969
0.982552
0.979956
0.97718
0.974226
0.971092
0.967779
0.964287
0.960616
0.956767
0.95274
0.948534
0.944151
0.939591
0.934854
0.929941
0.924853
0.91959
0.914153
0.908542
0.90276
0.896807
0.890683
0.884392
0.877933
0.871308
0.86452
0.857569
0.850458
0.843188
0.835761
0.82818
0.820447
0.812565
0.804535
0.796361
0.788046
0.779591
0.771002
0.762279
0.753427
0.74445
0.73535
0.726131
0.716797
0.707351
0.697799
0.688143
0.678387
0.668536
0.658595
0.648567
0.638457
0.628269
0.618008
0.607678
0.597285
0.586832
0.576325
0.565769
0.555167
0.544525
0.533849
0.523141
0.512409
0.501655
0.490886
0.480106
0.46932
0.458533
0.447749
0.436973
0.426211
0.415466
0.404743
0.394047
0.383382
0.372753
0.362165
0.351621
0.341125
0.330683
0.320298
0.309973
0.299714
0.289524
0.279406
0.269365
0.259404
0.249526
0.239735
0.230035
0.220428
0.210917
0.201506
0.192197
0.182994
0.1739
0.164915
0.156045
0.14729
0.138653
0.130136
0.121743
0.113474
0.105331
0.097317
0.089434
0.081683
0.074065
0.066583
0.059237
0.05203
0.044962
0.038034
0.031248
0.024605
0.018105
0.01175
0.00554
-0.000524
-0.006442
-0.012212
-0.017835
-0.02331
-0.028637
-0.033816
-0.038846
-0.043727
-0.048461
-0.053046
-0.057482
-0.061771
-0.065912
-0.069907
-0.073754
-0.077456
-0.081012
-0.084424
-0.087693
-0.090818
-0.093802
-0.096645
-0.099349
-0.101914
-0.104342
-0.106635
-0.108794
-0.11082
-0.112715
-0.114481
-0.11612
-0.117633
-0.119022
-0.120289
-0.121437
-0.122467
-0.123382
-0.124183
-0.124873
-0.125455
-0.12593
-0.126301
-0.126571
-0.126741
-0.126815
-0.126795
-0.126684
-0.126484
-0.126197
-0.125827
-0.125376
-0.124846
-0.12424
-0.123561
-0.122812
-0.121994
-0.121111
-0.120164
-0.119158
-0.118093
-0.116972
-0.115798
-0.114572
-0.113298
-0.111978
-0.110613
-0.109205
-0.107757
-0.106271
-0.104747
-0.103189
-0.101598
-0.099975
-0.098322
-0.09664
-0.094931
-0.093196
-0.091436
-0.089652
-0.087845
-0.086017
-0.084167
-0.082297
-0.080407
-0.078498
-0.076571
-0.074625
-0.072661
-0.07068
-0.068681
-0.066665
-0.064632
-0.062581
-0.060514
-0.058429
-0.056327
-0.054208
-0.052071
-0.049916
-0.047744
-0.045554
-0.043345
-0.041118
-0.038872
-0.036608
-0.034325
-0.032023
-0.029702
-0.027362
-0.025004
-0.022626
-0.02023
-0.017815
-0.015382
-0.012931
-0.010463
-0.007978
-0.005476
-0.002959
-0.000427
0.002119
0
