128
0.00637
-0.026876
-0.066358
-0.104694
-0.141828
-0.177761
-0.212522
-0.246156
-0.278687
-0.310101
-0.340326
-0.369215
-0.396535
-0.421964
-0.445095
-0.465436
-0.482428
-0.495459
-0.503884
-0.507035
-0.504257
-0.494905
-0.478381
-0.454136
-0.421685
-0.380614
-0.330586
-0.271345
-0.202717
-0.124609
-0.037013
0.06
0.166274
0.281568
0.405555
0.537821
0.677852
0.825047
0.9787
1.138009
1.302078
1.469921
1.640465
1.812575
1.985055
2.156681
2.32621
2.492411
2.654085
2.810089
2.959356
3.100917
3.233908
3.357587
3.471331
3.574641
3.667137
3.748537
3.818657
3.877384
3.924657
3.96046
3.984796
3.997676
3.999017
3.98909
3.967618
3.934684
3.890277
3.83441
3.76713
3.688537
3.598792
3.498153
3.386976
3.265727
3.135
2.995506
2.848078
2.693661
2.533301
2.36812
2.19931
2.028091
1.855708
1.683393
1.512347
1.343727
1.178617
1.01803
0.862886
0.714006
0.572124
0.437865
0.311765
0.194263
0.085708
-0.013638
-0.103598
-0.18408
-0.255072
-0.316646
-0.368958
-0.41224
-0.44681
-0.473064
-0.491469
-0.502559
-0.506922
-0.505192
-0.498023
-0.486081
-0.470021
-0.450461
-0.42798
-0.403084
-0.376203
-0.347681
-0.317773
-0.286647
-0.254392
-0.221035
-0.186559
-0.150923
-0.114091
-0.076053
-0.036848
-0.001267
