0.001023465	0.00664389
0.001037035	0.00674615
0.001046555	0.006846405
0	0
-0.659961	-0.099698
-0.65693	-0.0979875
-0.656149	-0.080425
-0.668478	-0.0422925
-0.7162815	0.012951
-0.8433445	0.069914
-1.141	0.0167
0	0
0	0
-0.0170955	-0.432386
-0.0569765	-0.13428205
-0.049622745	0.036559
0.01709155	0.14737665
0.11106885	0.1723785
0.16637025	0.14762175
0.185482	0.10087705
0.166042	0.05948195
0.13478905	0.0511108
0.1140396	0.06254385
0.1074705	0.07850205
0.110419	0.0902858
0.1166255	0.09509865
0.120953	0.09297395
0.11942185	0.0880791
0.1132198	0.0859489
0.1062681	0.0886126
0.10154985	0.09467515
0.10050345	0.1017756
0.1029092	0.10812575
0.1073946	0.1112707
0.11169725	0.1111128
0.11424265	0.1099643
0.1161312	0.1090183
0.11834745	0.1082323
0.12089045	0.1079884
0.1245899	0.10846125
0.13006605	0.1072448
0.1338704	0.10350605
0.13619985	0.1021085
0.1427786	0.1025546
0.153563	0.0949154
0.1506463	0.0811457
0.1567476	0.10716235
0.203355	0.082553
0.1591926	0.013214
0.061537	0.0426005
-0.0174815	0.174944
-0.123332	0.474648
0	0
0	0
-0.967825	-0.4978005
-0.677942	-0.3951435
-0.6014325	-0.27631
-0.5984445	-0.199111
-0.6204745	-0.1566595
-0.6449095	-0.141337
-0.6632885	-0.142725
0	0
0.00153175	0.006155545
0.00153965	0.00606641
0.00102067	0.00672125
0.00103138	0.00682552
0	0
-0.671714	-0.0957695
-0.6678695	-0.1076855
-0.650762	-0.112242
-0.6249835	-0.092777
-0.604995	-0.032686
-0.6160815	0.076149
-0.699724	0.2656235
0	0
0	0
0	0
0	0
0.1023461	-0.0702846
0.059305027	0.02379285
0.07301255	0.089446
0.10874435	0.11625535
0.13875055	0.1134717
0.150979	0.09581475
0.146455	0.0777284
0.1334135	0.07057015
0.1217985	0.0734906
0.1157305	0.0807594
0.114631	0.08749815
0.1157875	0.0913968
0.116544	0.0922374
0.1150474	0.09168305
0.11151135	0.0919597
0.1074366	0.09425065
0.1043421	0.09822945
0.103212	0.102779
0.10401485	0.10683745
0.1061306	0.1093074
0.1086569	0.11006385
0.11082875	0.1098468
0.1128429	0.10920225
0.11508935	0.1084029
0.11777905	0.10763115
0.12114735	0.10668335
0.1251904	0.10501245
0.1291342	0.1025094
0.133163	0.10023025
0.1384178	0.09759565
0.1440905	0.09280245
0.147616	0.08831035
0.1541135	0.08891105
0.1617675	0.078189
0.1486137	0.0665439
0.12679255	0.091607635
0.147404	0.1697265
0	0
0	0
0	0
0	0
-0.442744	-0.4904745
-0.4734735	-0.2702205
-0.5318055	-0.1606315
-0.59623	-0.1129395
-0.646763	-0.108476
-0.6761895	-0.1237935
-0.687516	-0.140199
0	0
0.00156249	0.00615168
0.001013985	0.006797775
0	0
-0.675617	-0.0794505
-0.6893725	-0.09356
-0.6897575	-0.121795
-0.6566075	-0.1510525
-0.587933	-0.1464815
-0.5097715	-0.071344
-0.453285	0.071038
-0.4037465	0.2942695
-0.4146605	0.522145
0	0
0	0
0	0
0.1549388	0.0060167
0.1141178	0.04009415
0.106863	0.07320435
0.1168485	0.09178295
0.12969805	0.095609
0.1363205	0.090486885
0.135552	0.083312755
0.1298815	0.07954199
0.123481	0.0803291
0.1188985	0.0839027
0.1165585	0.08798625
0.115513	0.0911798
0.1145485	0.0931341
0.1127635	0.09442215
0.1101354	0.095935
0.107268	0.09824595
0.10490945	0.1012788
0.10363585	0.10451095
0.10351855	0.10735805
0.10433185	0.10926855
0.10569945	0.1101223
0.1072619	0.110139
0.10901825	0.10957335
0.1111143	0.1086279
0.11366475	0.1074148
0.1167415	0.1058515
0.1203215	0.1038221
0.124208	0.1013143
0.1283898	0.09856465
0.1330213	0.09539315
0.1377805	0.09160475
0.1422065	0.0879278
0.1469865	0.08495645
0.1504672	0.0802075
0.1504443	0.07865215
0.15487785	0.08796385
0.18562595	0.0987835
0	0
0	0
0	0
-0.00071452	-0.60506
-0.15142885	-0.3520245
-0.3211878	-0.170018
-0.4578995	-0.0607685
-0.5862355	-0.0252755
-0.673256	-0.056471
-0.7074045	-0.1053925
-0.7067	-0.137914
-0.697608	-0.149711
0	0
0	0
-0.6551255	-0.060285
-0.683974	-0.0575265
-0.719245	-0.0751725
-0.745762	-0.1310525
-0.706458	-0.2248415
-0.559047	-0.2753525
-0.3847665	-0.175928
-0.2766885	-0.004528
-0.17888665	0.1750905
-0.0003175	0.312894
0.237563	0.156459
0	0
0.2011285	0.0684065
0.161325	0.05208295
0.134825	0.059343645
0.1240275	0.07296025
0.123826	0.08326945
0.1276515	0.08749795
0.130156	0.087124075
0.1297325	0.08496637
0.1268005	0.08370397
0.1229715	0.08440703
0.119545	0.0866914
0.1169825	0.089618
0.1150395	0.09243715
0.1132205	0.0948513
0.1111115	0.096984
0.1086715	0.0991483
0.106165	0.10156985
0.10397	0.1042002
0.1024308	0.1067724
0.1016446	0.10894875
0.1015725	0.1104273
0.10207745	0.1111138
0.1030223	0.1110494
0.10438065	0.11036025
0.10620375	0.10917415
0.1085374	0.1075822
0.11140035	0.10559105
0.1147699	0.10319185
0.11856595	0.1004268
0.122706	0.0973614
0.12715555	0.09399575
0.13176505	0.0903834
0.1363505	0.0867638
0.140915	0.083411
0.1451271	0.0800385
0.14958575	0.0781681
0.15698455	0.07781005
0.168954	0.0722299
0.1673295	0.05310275
0	0
0.2170765	0.1397765
0.2123115	-0.133264
-0.01102925	-0.120978
-0.189083	-0.0032
-0.38335424	0.1156535
-0.6186525	0.1345805
-0.761525	0.01114
-0.7724845	-0.1076305
-0.732341	-0.1579205
-0.6996455	-0.164579
-0.682188	-0.153511
-0.6199025	-0.052463
-0.643988	-0.0339975
-0.684206	-0.0166625
-0.754747	-0.01768
-0.8647375	-0.0891225
-0.8965365	-0.3330605
-0.555313	-0.577714
-0.16902565	-0.3501935
-0.0904249	-0.083457
-0.0388252	0.0749375
0.0441448	0.1594431
0.12832035	0.1633175
0.1674107	0.12619485
0.1681295	0.0922314
0.153361	0.075647
0.1391065	0.07311044
0.130535	0.076992135
0.12736	0.0816433
0.1271815	0.08451435
0.127293	0.08549027
0.126437	0.08548652
0.124401	0.08572167
0.121709	0.08685467
0.1189455	0.088888595
0.1164105	0.0914708
0.114088	0.0942181
0.1117965	0.09692755
0.1093649	0.09955005
0.1067803	0.1021378
0.104181	0.10473085
0.10178385	0.1072522
0.09982465	0.109529
0.0984079	0.1113404
0.09758755	0.1125014
0.09734775	0.1129504
0.09768595	0.1126663
0.0985883	0.1117254
0.1000835	0.1102155
0.10218985	0.108226
0.1049041	0.105816
0.108191	0.1030175
0.1119786	0.09991895
0.11615915	0.09655415
0.120652	0.0929775
0.125351	0.0892545
0.13015755	0.08549585
0.13504605	0.0818839
0.14009835	0.0783762
0.14572485	0.0753184
0.1523915	0.0721259
0.1593775	0.06715335
0.163851	0.0618672
0.172341	0.061409025
0.189373	0.0389535
0.153316	-0.0015315
0.06369465	0.027529
-0.039531	0.157732
-0.239773	0.4018112
-0.7528587	0.4617605
-1.010764	0.052627
-0.8800185	-0.1903535
-0.746824	-0.2207845
-0.6853195	-0.194959
-0.6634075	-0.164011
-0.601734	-0.038408
-0.616828	-0.0079565
-0.653197	0.0387575
-0.7436765	0.0995
-0.9779015	0.138928
0	0
0	0
0	0
0.09024185	-0.0599019
0.06096855	0.0405926
0.08356205	0.0982943
0.11814275	0.11596755
0.1409614	0.10837175
0.147266	0.094251785
0.1434665	0.084153685
0.136868	0.080205038
0.1313955	0.0803792
0.1281175	0.082093765
0.1265125	0.083756015
0.1254355	0.084912215
0.1241285	0.085749725
0.1223075	0.08677927
0.1200725	0.08835079
0.1176355	0.09053247
0.11514055	0.0931954
0.11261015	0.09612025
0.1099798	0.09917005
0.1071902	0.10221825
0.10426505	0.1051925
0.10130195	0.10804315
0.0984466	0.11064735
0.0959019	0.1128587
0.09378015	0.114498
0.09219465	0.1154303
0.09121065	0.1156167
0.09092175	0.1150256
0.09133885	0.1137275
0.0924898	0.111803
0.09438985	0.1093555
0.09701165	0.1064795
0.10030675	0.10322575
0.1041882	0.09971705
0.10854065	0.0959829
0.11326855	0.09209985
0.11826975	0.0881352
0.123459	0.0841641
0.1287879	0.08028795
0.13433585	0.0764753
0.14018335	0.0727701
0.146292	0.06885885
0.152301	0.06433875
0.157852	0.05964745
0.1635665	0.054473215
0.165764	0.0455032
0.15344795	0.0428455
0.13700625	0.07706885
0.1638425	0.18591235
0	0
0	0
0	0
-0.8989405	-0.4662215
-0.686586	-0.325418
-0.6322175	-0.226154
-0.62823	-0.1661745
-0.578553	-0.038138
-0.5716855	0.00154
-0.5762365	0.0788485
-0.6164875	0.2201175
-0.7440202	0.511152
0	0
0	0
0	0
0.151614	0.011995935
0.1170707	0.0471152
0.11335685	0.0787312
0.12295945	0.0942346
0.1325702	0.09610985
0.136719	0.09153755
0.1359745	0.08638329
0.13293	0.083264604
0.12962	0.082322701
0.126972	0.082692034
0.1250705	0.08358801
0.123534	0.084634875
0.121975	0.08580402
0.12018345	0.087284435
0.1181172	0.089244355
0.1158137	0.091734905
0.1133083	0.0947025
0.11060435	0.0979922
0.1076728	0.1015044
0.10445195	0.1050642
0.10106145	0.10848955
0.0975474	0.1117371
0.09401785	0.1145817
0.0907144	0.11689095
0.0877507	0.11848315
0.08529955	0.11923885
0.0834884	0.1191415
0.08251015	0.1181555
0.08239885	0.1163975
0.0831717	0.113942
0.0848981	0.11091815
0.0874893	0.1074842
0.09089115	0.10368605
0.09499595	0.09968655
0.09966875	0.09551785
0.10478945	0.09127115
0.1102355	0.08700705
0.11590365	0.08277525
0.12170965	0.07861515
0.12766805	0.07449445
0.1337221	0.07037355
0.1398215	0.066115
0.14585	0.06163845
0.151641	0.05717065
0.156824	0.05285158
0.1602545	0.04935995
0.16260655	0.05095375
0.17573485	0.062110095
0.23463077	0.0696159
0	0
0	0
0	0
-0.494512	-0.736049
-0.503606	-0.380747
-0.5376935	-0.219714
-0.5814675	-0.141713
-0.5573555	-0.060391
-0.515319	-0.0260705
-0.46451	0.0594535
-0.40932765	0.212425
-0.2917895	0.4661935
0	0
0	0
0	0
0.16907355	0.0486101
0.1404465	0.0630558
0.1291155	0.0774654
0.1279875	0.0865657
0.13010555	0.08947595
0.131431	0.0884003
0.1308995	0.085998895
0.1290725	0.083976916
0.1268105	0.08293213
0.124665	0.08276598
0.122811	0.083221285
0.12116315	0.08410852
0.11952675	0.0853991
0.1177548	0.087164885
0.1157584	0.08948397
0.11348975	0.09237904
0.11092575	0.095802105
0.1079933	0.099631995
0.10482825	0.10376355
0.10088995	0.10811215
0.09701715	0.11198275
0.09276885	0.11598895
0.08713635	0.1196104
0.08152545	0.12274625
0.07712205	0.12460495
0.07418	0.12509755
0.0727025	0.124238
0.07184745	0.122263
0.0712278	0.120002
0.07147645	0.1169
0.07321385	0.11309175
0.0758592	0.10901765
0.0795389	0.1045438
0.0840533	0.0999604
0.0892436	0.0952782
0.0949464	0.09059665
0.1010071	0.08596275
0.10730155	0.0814053
0.1137195	0.07693575
0.1202258	0.07253375
0.1267064	0.06816305
0.1331153	0.06377955
0.139372	0.0593858
0.145357	0.05511615
0.150945	0.0511717
0.156234	0.048047382
0.162559	0.046350095
0.17307695	0.04348905
0.1840707	0.0254188
0	0
0	0
0	0
-0.0476905	-0.47252385
-0.2940435	-0.2683565
-0.4322635	-0.1356555
-0.5391935	-0.0721255
-0.5571565	-0.1100855
-0.466467	-0.1051385
-0.3496825	-0.025021
-0.240279945	0.113316
-0.1066895	0.25653365
0.0872055	0.299418
0.2102332	0.2062155
0.2035585	0.11009065
0.1696725	0.0835138
0.1467115	0.0796891
0.1350185	0.08244175
0.1302185	0.08559845
0.128687	0.0868923
0.1279405	0.08637123
0.1268485	0.084948241
0.125255	0.08348816
0.123405	0.08248385
0.1215513	0.0820772
0.1198066	0.08227325
0.1181795	0.083025
0.1165646	0.0843624
0.11484455	0.0863411
0.11290845	0.08901735
0.11068485	0.0924139
0.10776965	0.096368185
0.1034826	0.10262134
0.0923922	0.11181455
0.0790854	0.12045085
0.06697755	0.12734505
0.0559195	0.1320849
0.04643721	0.13527325
0.038934263	0.1370153
0.033698775	0.1375023
0.0309404	0.1368475
0.03063585	0.1351715
0.0328566	0.1325445
0.037319325	0.1288605
0.043940365	0.1243125
0.05240375	0.11810815
0.0604355	0.1113131
0.06583975	0.10590355
0.071043	0.10047215
0.0770105	0.09519845
0.0835377	0.0900099
0.09043335	0.08495835
0.0975447	0.08005305
0.1047334	0.07528465
0.1119302	0.07062915
0.1189949	0.0660497
0.12589425	0.06153135
0.1325777	0.05708065
0.139006	0.05275845
0.1452175	0.0486636
0.151463	0.0449177
0.1583105	0.0413811
0.166026	0.03715855
0.172347	0.03319015
0.17769555	0.0425371
0.24206715	0.02590425
0.23057265	-0.1094165
0.0366135	-0.1684965
-0.1627855	-0.081942
-0.348748	0.0187725
-0.527017	0.0515165
-0.6180515	-0.189654
-0.4473625	-0.272379
-0.217573	-0.1724875
-0.09463935	0.005098
-0.01251	0.12647895
0.076077	0.1716625
0.14079728	0.15566355
0.15823965	0.1203403
0.1528745	0.09850544
0.142365	0.08975081
0.134349	0.08713855
0.1294255	0.08661855
0.126564	0.086158085
0.124634	0.08516128
0.12292395	0.083773775
0.12117345	0.08236395
0.11939	0.08125045
0.1176493	0.08062245
0.1159881	0.08059305
0.11443125	0.08119495
0.11290895	0.08253555
0.1112408	0.08471375
0.10817475	0.08910155
0.0978507	0.0999356
0.0820738	0.11221282
0.0659097	0.12206185
0.0498292	0.12970035
0.0343729	0.13511605
0.02016997	0.138667
0.007637185	0.1405814
-0.0028433	0.1412068
-0.010927075	0.1408655
-0.01633873	0.139789
-0.018885205	0.1381638
-0.01858445	0.1361295
-0.0153724	0.1337635
-0.0094303	0.1309955
-0.0009485	0.127699
0.0097133	0.12359905
0.022129055	0.1185188
0.0357643	0.11197775
0.04996175	0.10376505
0.06189675	0.0955771
0.0702935	0.0893607
0.0782831	0.08384715
0.086432	0.07860485
0.09457735	0.07356575
0.10263925	0.0686796
0.110464	0.06390845
0.118038	0.05923965
0.12533235	0.0546715
0.13234785	0.05022135
0.139139	0.04592345
0.1458545	0.0417826
0.152687	0.03769951
0.1596875	0.03355261
0.166803	0.02980772
0.1756935	0.0246446
0.18696765	0.0076255
0.16102535	-0.0234245
0.0780055	-0.009839
-0.04589875	0.0953845
-0.263599	0.2521255
-0.5836765	0.265022
-0.8474845	-0.2432345
0	0
-0.0730005	-0.3626025
0.0745227	-0.0315275
0.064348825	0.0729634
0.092917362	0.1147701
0.1226878	0.12232355
0.13673875	0.1124097
0.1388174	0.10114585
0.1350795	0.0939534
0.1303415	0.08993815
0.1263075	0.087624595
0.123188	0.085876326
0.12069485	0.08415936
0.1185242	0.08238795
0.11651615	0.0806959
0.11463245	0.07928115
0.1128919	0.07833345
0.1112596	0.0780344
0.10977	0.07835955
0.1067151	0.08148885
0.09526425	0.09391895
0.07831775	0.10774765
0.0601412	0.11894353
0.04133095	0.1274874
0.022593145	0.13347935
0.00443495	0.13716235
-0.012570225	0.13885695
-0.02792515	0.13891915
-0.04124265	0.1377389
-0.05217905	0.13571295
-0.0604443	0.1332455
-0.06579085	0.1306333
-0.0680387	0.1281182
-0.06720775	0.12585425
-0.0632103	0.1239525
-0.0561916	0.122306
-0.0463325	0.120731
-0.033935407	0.11893655
-0.01939655	0.11657265
-0.0031331	0.1131702
0.01414248	0.10835565
0.0318369	0.10166635
0.0491284	0.0927728
0.0637238	0.0834378
0.0738876	0.0770646
0.08319255	0.07179395
0.0923272	0.06669595
0.1010893	0.06175585
0.10948105	0.0569413
0.1174944	0.05222985
0.1251503	0.04761015
0.13249515	0.0430861
0.1396115	0.03864345
0.1465845	0.034229405
0.153452	0.029788165
0.160167	0.02522865
0.1665205	0.0193001
0.169775	0.0121665
0.160798	0.0125405
0.1471758	0.0494055
0.1551956	0.191796
-0.222836	0.548575
0	0
0	0
0	0
0	0
0.094952	0.0890565
0.1084895	0.07036125
0.11160875	0.09408585
0.12176455	0.1046125
0.12829625	0.1040971
0.13006105	0.09941835
0.12837195	0.0947325
0.12521825	0.0909444
0.1218287	0.087961225
0.11868235	0.08540302
0.11585565	0.0829947
0.1133032	0.08065985
0.1109872	0.07846245
0.10890355	0.0765411
0.10711045	0.07508145
0.1048889	0.07512795
0.0963377	0.0840907
0.0794942	0.09937175
0.06059315	0.112102225
0.04045525	0.121909885
0.0197159	0.12883285
-0.0010556	0.13303845
-0.0212066	0.13476
-0.04031346	0.13431905
-0.0578858	0.13215235
-0.07351255	0.12869845
-0.08688545	0.1244254
-0.09772235	0.1197974
-0.10579185	0.11528285
-0.1108761	0.1112338
-0.11281	0.10794185
-0.111608	0.1055722
-0.10715335	0.10427595
-0.09954485	0.10392015
-0.08891165	0.1042885
-0.07548735	0.10504265
-0.0596017	0.1057461
-0.0415882	0.1058459
-0.02212057	0.1048173
-0.00174393	0.10205625
0.01875985	0.0970831
0.03856155	0.0895086
0.05668475	0.079228595
0.0703725	0.07031735
0.0809493	0.0646648
0.09082835	0.05960195
0.10016925	0.05465515
0.109	0.04979345
0.11736325	0.0449932
0.1252999	0.04025305
0.1328691	0.035565505
0.1401245	0.03090766
0.1470775	0.026257
0.153636	0.02158055
0.1597275	0.0167271
0.164869	0.0130502
0.17001	0.0139025
0.1922606	0.0226615
0.257379	-0.068328
0	0
0	0
0	0
0	0
0	0
0	0
0.13013335	0.0718321
0.1248435	0.0891502
0.12470385	0.09748025
0.12519785	0.09926025
0.124668	0.0973837
0.1227368	0.09425335
0.1198302	0.09089625
0.11653175	0.08765636
0.11320345	0.08453955
0.1100159	0.08148315
0.10704345	0.0784835
0.1043387	0.07561135
0.1019266	0.07298505
0.09736405	0.0732238
0.08410385	0.08788865
0.0655108	0.10216805
0.0451105	0.11357708
0.02360565	0.12187835
0.0015987	0.12712165
-0.02033915	0.129466
-0.04173225	0.12917365
-0.062022155	0.1265943
-0.08090168	0.1221018
-0.0979969	0.11621335
-0.11300445	0.10942935
-0.12571275	0.1022676
-0.135921	0.0952412
-0.14346	0.08886955
-0.1481455	0.08355015
-0.1498255	0.0796157
-0.148498	0.07724345
-0.1440095	0.0766335
-0.136395	0.07763695
-0.125705	0.080023
-0.1120861	0.08341255
-0.09577205	0.08730705
-0.07699	0.0910834
-0.0563409	0.0940805
-0.03429285	0.09557195
-0.011584475	0.09491855
0.010971474	0.0915611
0.032471615	0.0851007
0.05188905	0.075351845
0.0683918	0.064118725
0.07966635	0.05749295
0.0900703	0.05242725
0.0998179	0.04741565
0.1089621	0.04243155
0.11755475	0.03748225
0.12565585	0.032574235
0.13331705	0.02771198
0.14056	0.02290865
0.1473655	0.01819775
0.153899	0.01370615
0.1602845	0.0098719
0.167158	0.0057019
0.1768542	-0.00484835
0	0
0	0
0	0
-0.100246	0.5065065
0	0
0	0
0.183657	0.07438325
0.147093	0.08539805
0.132645	0.0928557
0.126591	0.09673925
0.1232644	0.09768125
0.12056675	0.0963022
0.11763455	0.093658
0.11424945	0.09042767
0.1105728	0.08693804
0.106802	0.08330905
0.1030923	0.07958385
0.0995681	0.075812
0.0962996	0.07211595
0.08954525	0.07448875
0.0730881	0.0896917
0.05334405	0.1029368
0.0319781	0.112904265
0.0096602	0.1196366
-0.0129578	0.1231889
-0.0353302	0.1237362
-0.0569875	0.12153505
-0.07758235	0.1169113
-0.096691135	0.11030445
-0.1141492	0.10210885
-0.1297272	0.0928879
-0.14324945	0.0831751
-0.15461805	0.07350695
-0.16371975	0.06442495
-0.1704595	0.05648284
-0.174679	0.050110505
-0.1762415	0.04567733
-0.175112	0.043374295
-0.1710935	0.04345845
-0.164135	0.04578015
-0.154192	0.0501088
-0.141296	0.0560454
-0.1255625	0.0630512
-0.1070878	0.070456
-0.08636875	0.0774824
-0.0637692	0.08330215
-0.0399564	0.0871323
-0.01570056	0.0882588
0.00810625	0.08612685
0.03047546	0.080356405
0.0505168	0.070931075
0.067096929	0.058363425
0.0791845	0.05034795
0.08993115	0.0451661
0.0999326	0.0399844
0.1092509	0.0348122
0.1179626	0.029676345
0.12613405	0.02460055
0.133813	0.01962095
0.1410375	0.01478855
0.1479595	0.01027435
0.1545365	0.0061652
0.160498	0.0017835
0.164016	-0.0018338
0.153893	0.0086537
0	0
0	0
-0.018899	0.261557
0.1308595	0.248875
0.1809894	0.16721325
0.1650325	0.117123975
0.1456825	0.1029887
0.133052	0.10003545
0.1255757	0.09914065
0.1205624	0.0981465
0.11642745	0.0961807
0.1124405	0.09333745
0.1082715	0.089894567
0.10390245	0.0860221
0.09942545	0.0818167
0.09496845	0.0773361
0.0906655	0.0726896
0.08207115	0.07562615
0.06390235	0.09029895
0.04317965	0.10221755
0.0210613	0.110758039
-0.001656	0.11589795
-0.0243625	0.11778655
-0.0465111	0.11661505
-0.0676777	0.11266575
-0.0875371	0.1062682
-0.105902485	0.09778185
-0.12252275	0.08770035
-0.13739965	0.0764035
-0.1504692	0.06446255
-0.16170355	0.0524099
-0.17112575	0.040772165
-0.1787205	0.03009368
-0.1844645	0.0209441
-0.1882275	0.0137741
-0.1898775	0.00898255
-0.189337	0.00677975
-0.186351	0.0074891
-0.180768	0.0109749
-0.172423	0.017027186
-0.161217	0.0252499
-0.1471195	0.0350893
-0.13007465	0.0458555
-0.11044845	0.0566805
-0.0884735	0.06665685
-0.06471985	0.074879375
-0.03988765	0.0804927
-0.01483297	0.082785765
0.0094506	0.08119788
0.03199135	0.075551055
0.05161985	0.06560354
0.0673725	0.05215435
0.07934634	0.04315125
0.0902665	0.03771635
0.1003735	0.0322827
0.1097655	0.026878205
0.1185294	0.0215471
0.1267362	0.01633425
0.1344575	0.011296
0.141802	0.0066037
0.148766	0.0022861
0.1555995	-0.0016884
0.1626925	-0.0037413
0.1736695	-0.00249475
0.20777835	-0.0127265
0.2193365	-0.09322955
0.030675	0.14280885
0.0987785	0.1663195
0.13474644	0.147571
0.141008	0.1247406
0.1357408	0.11157845
0.1283804	0.1054492
0.1219738	0.1019965
0.1166112	0.09941595
0.1116646	0.09664
0.10676115	0.093319585
0.10169015	0.089456115
0.09641065	0.08506905
0.09097795	0.0801889
0.08551475	0.0748823
0.075999	0.07666245
0.0565185	0.09021205
0.034882665	0.1008061
0.0122025	0.107848465
-0.01076635	0.11137675
-0.0332611	0.111583
-0.05475245	0.1087502
-0.07482605	0.1031808
-0.09322005	0.0952303
-0.109791295	0.085268
-0.12454642	0.07365215
-0.137437	0.0608909
-0.1486529	0.0473092
-0.1583131	0.0334473
-0.16654915	0.01979942
-0.17351305	0.00685145
-0.179288	-0.00487515
-0.183925	-0.01481395
-0.1873115	-0.0225047
-0.1893175	-0.027526
-0.189805	-0.02964175
-0.188452	-0.028452
-0.184986	-0.0240614
-0.179107	-0.016637245
-0.170563	-0.00654753
-0.159159	0.0056678
-0.144665	0.01932847
-0.1272922	0.03350407
-0.1071208	0.047236236
-0.08459985	0.059519885
-0.06033715	0.06937747
-0.0351333	0.075954389
-0.00996915	0.078527295
0.01414155	0.07676708
0.0359798	0.07025925
0.05443295	0.05939565
0.0684862	0.0450128
0.07994915	0.0357181
0.0909048	0.0299332
0.10103565	0.024193245
0.11045555	0.0185406
0.1192541	0.01302405
0.1275243	0.0076953
0.1353725	0.00268335
0.1429095	-0.00205045
0.1506085	-0.0064578
0.158892	-0.0102181
0.1687495	-0.015078
0.1786182	-0.0259571
0.166617125	-0.0430575
0.08812775	0.099286775
0.10333295	0.127615
0.1200253	0.128572
0.1269034	0.12087675
0.12633425	0.1132636
0.1222279	0.1079662
0.1170497	0.1040289
0.11170895	0.10070025
0.10620775	0.09733635
0.1004529	0.093540105
0.09438235	0.089189755
0.08799705	0.08420715
0.0813739	0.0785723
0.0717342	0.0778237
0.05126315	0.08993405
0.02860695	0.09932035
0.00521535	0.104881045
-0.01799255	0.10679005
-0.04027925	0.10528385
-0.06097505	0.10075035
-0.07967285	0.0936006
-0.09612355	0.08422515
-0.1102649	0.07301965
-0.122166105	0.0603581
-0.132053365	0.04655615
-0.1401074	0.03209505
-0.1467218	0.017205035
-0.15220965	0.00235435
-0.15687075	-0.012037325
-0.1609859	-0.0255558
-0.1647372	-0.0377272
-0.168247	-0.04800715
-0.171409	-0.05593655
-0.174091	-0.0610778
-0.176077	-0.0631604
-0.1769665	-0.06169875
-0.176351	-0.05674695
-0.1737785	-0.0484077
-0.1688275	-0.03699425
-0.161122	-0.02300325
-0.15024	-0.00707507
-0.13621865	0.00982805
-0.11896845	0.0267254
-0.09879725	0.0425376
-0.07620225	0.0561879
-0.0519116	0.066695555
-0.026875205	0.0731889
-0.0021291	0.0751931
0.02106925	0.072122435
0.04149185	0.0642299
0.05800445	0.0519588
0.06972515	0.03671185
0.080797535	0.0278299
0.09172845	0.0216538
0.10186705	0.0156016
0.1113108	0.00971205
0.1201643	0.0040271
0.128538	-0.0013756
0.1365725	-0.0065866
0.1446025	-0.0115823
0.152773	-0.01645435
0.161218	-0.0219854
0.168817	-0.027243
0.173075	-0.023732
0.10883345	0.113440026
0.11009	0.11411525
0.116753	0.1171915
0.12018865	0.1158718
0.1196901	0.11240145
0.1164909	0.10877455
0.11178345	0.10527035
0.1062819	0.1018042
0.1001882	0.09814085
0.0935298	0.09398234
0.0863155	0.0891774
0.07858275	0.08356055
0.0697115	0.07989335
0.0484834	0.0898124
0.0245956	0.09830465
0.00020845	0.102526355
-0.02359005	0.10281905
-0.0458876	0.09959165
-0.0659951	0.0932771
-0.0833814	0.08444335
-0.09779745	0.07361045
-0.10919505	0.0612311
-0.11773872	0.04770795
-0.12373937	0.0333811
-0.127660245	0.01848405
-0.1299332	0.00342675
-0.1311648	-0.011694
-0.13186825	-0.026521765
-0.1325161	-0.04074755
-0.13351625	-0.0540573
-0.1351441	-0.06604855
-0.13758785	-0.07621705
-0.140738	-0.0841143
-0.144447	-0.0892903
-0.1484105	-0.0914338
-0.1521385	-0.08996205
-0.15507	-0.0848606
-0.156588	-0.0761442
-0.1560885	-0.06404455
-0.1529995	-0.0489862
-0.1466954	-0.0315392
-0.13702335	-0.012666283
-0.1237095	0.0066582
-0.10690795	0.0253082
-0.08699075	0.04213055
-0.0645988	0.0560391
-0.04063605	0.06603035
-0.0161468	0.071491955
0.00758455	0.071672405
0.02922795	0.06668685
0.0475236	0.0568524
0.061374	0.0428724
0.0703885	0.02735889
0.081806365	0.0192799
0.09272485	0.01274905
0.1028623	0.0064155
0.1123258	0.00032175
0.1212245	-0.00549285
0.1296665	-0.0111443
0.137814	-0.01664875
0.1458075	-0.0221873
0.153999	-0.0281843
0.163297	-0.03439
0.179905	-0.040428
0.1056838	0.0905284
0.116241	0.104368
0.11806385	0.11102555
0.11767875	0.1126928
0.11545645	0.11152395
0.11168845	0.10915005
0.10665965	0.1061947
0.10063595	0.1028484
0.0937655	0.0990848
0.0860619	0.094693222
0.0775193	0.0895429
0.06786915	0.08406235
0.0486097	0.0898058
0.02337475	0.09793225
-0.0023897	0.101242865
-0.02726015	0.10010355
-0.0501335	0.0951473
-0.0701351	0.0870247
-0.08665525	0.0763593
-0.09934235	0.0638784
-0.108135755	0.0501898
-0.11321726	0.03577835
-0.115003275	0.02101865
-0.11406388	0.00617845
-0.111116265	-0.0086293
-0.1068536	-0.02310995
-0.102104345	-0.0373361
-0.0975821	-0.051101306
-0.09392855	-0.06424
-0.0916742	-0.0765644
-0.0911824	-0.087765
-0.0926978	-0.09739305
-0.09609495	-0.1050182
-0.1012048	-0.1101835
-0.1076168	-0.1125246
-0.1147443	-0.1113542
-0.12186015	-0.10656975
-0.12817295	-0.09807495
-0.13288605	-0.085996
-0.1352193	-0.0706547
-0.1343352	-0.052524
-0.12988145	-0.0325348
-0.12139045	-0.01162765
-0.10885155	0.009052
-0.09250215	0.0282986
-0.0728849	0.04494225
-0.05084845	0.0578629
-0.0274337	0.066323725
-0.00394125	0.06941448
0.0182053	0.0671159
0.03763365	0.0596143
0.0531115	0.04749325
0.06360255	0.03170785
0.0714482	0.01750735
0.08298545	0.01003485
0.09387965	0.0031641
0.1040041	-0.0033902
0.11345875	-0.0096177
0.122307	-0.01564515
0.1306035	-0.0215296
0.138493	-0.0274402
0.1461265	-0.0337971
0.153454	-0.0416492
0.160575	-0.05585745
0.14532875	0.078771375
0.128176	0.10153575
0.12123155	0.1094867
0.116791	0.11184935
0.11249005	0.11152535
0.1075969	0.10978755
0.1017969	0.1072159
0.0949756	0.10404905
0.0871383	0.1003013
0.07823355	0.095789132
0.0682421	0.0903692
0.05218	0.09041495
0.02541505	0.09853459
-0.00217345	0.1014717
-0.02878315	0.0993591
-0.05300085	0.0928417
-0.073754	0.0828229
-0.09024075	0.07019045
-0.10196162	0.05575105
-0.108774725	0.040368345
-0.11083543	0.02471505
-0.10857721	0.00927925
-0.102686375	-0.0056252
-0.09400768	-0.01983795
-0.083519435	-0.03340115
-0.0721835	-0.04617595
-0.0610516	-0.0584355
-0.05103245	-0.070156195
-0.04293535	-0.0813444
-0.03740329	-0.0919619
-0.034877863	-0.10180895
-0.0356527	-0.1105072
-0.0395723	-0.11764935
-0.0464358	-0.1227761
-0.05571725	-0.12545925
-0.0667227	-0.1249015
-0.0785502	-0.1208927
-0.09022445	-0.1132079
-0.1007514	-0.1018449
-0.10913685	-0.0869973
-0.1143249	-0.06901555
-0.11576015	-0.04877085
-0.112775	-0.0271449
-0.1051907	-0.0052776
-0.09310525	0.0155964
-0.0769576	0.03424335
-0.05753415	0.0494441
-0.03586592	0.0603489
-0.013263	0.06590183
0.00876585	0.0659529
0.02873955	0.06056185
0.0452933	0.05020355
0.0571767	0.03576335
0.0636194	0.0186782
0.072597255	0.0073492
0.08437075	-0.00012165
0.09523355	-0.0071582
0.10531005	-0.01377295
0.114623	-0.0200888
0.12318	-0.0261684
0.131092	-0.03206145
0.138184	-0.0378406
0.143476	-0.0436157
0.143745	-0.04862485
0.1527995	0.11342495
0.1327135	0.1118416
0.1223168	0.1131079
0.1155532	0.1134473
0.10974175	0.1126826
0.1037708	0.1109869
0.09708805	0.108568
0.08934735	0.1055576
0.08041665	0.10190525
0.0701638	0.097397015
0.0575492	0.09315595
0.0312679	0.09982455
0.0016427	0.10317265
-0.02726155	0.10071395
-0.05370785	0.09314595
-0.07622785	0.081413
-0.093800825	0.0666802
-0.105723865	0.050061
-0.1116296	0.0325346
-0.1116161	0.01507495
-0.1060697	-0.0016033
-0.095694635	-0.01703735
-0.0814572	-0.03100395
-0.0644843	-0.04348275
-0.04601845	-0.05470105
-0.02729045	-0.06471
-0.00957305	-0.0740098
0.00603855	-0.08278735
0.0185773	-0.0912451
0.027295671	-0.0995103
0.031686	-0.107509
0.03141485	-0.1149431
0.0266823	-0.12143345
0.01772945	-0.1265176
0.0052076	-0.12969805
-0.01007415	-0.13005915
-0.0270327	-0.12727085
-0.04450545	-0.12096105
-0.06129445	-0.110979
-0.07619165	-0.0973701
-0.08792225	-0.0803421
-0.09572526	-0.0606799
-0.0987347	-0.0391861
-0.0966038	-0.01697205
-0.08928985	0.00471885
-0.07712745	0.024608
-0.06083935	0.0413947
-0.041443	0.05412805
-0.02025425	0.06162085
0.00113855	0.0635986
0.02115415	0.0600016
0.0383058	0.05120285
0.0511967	0.0380072
0.05878365	0.02165755
0.06251515	0.00528835
0.07433625	-0.00349005
0.0860298	-0.01102875
0.09681085	-0.01802025
0.10668425	-0.02459595
0.1156835	-0.0308178
0.1239705	-0.03661985
0.1314235	-0.0417994
0.1377015	-0.0458187
0.14256955	-0.0465359
0.1379592	0.1303083
0.1281313	0.1211553
0.11987795	0.11777085
0.11306195	0.11601755
0.10667595	0.1144848
0.09997435	0.1126235
0.0924977	0.1102761
0.0838325	0.10744005
0.0737539	0.1039838
0.0620545	0.099678705
0.041351295	0.10096291
0.0097368	0.1059401
-0.02181475	0.10413805
-0.05120505	0.09628445
-0.07662122	0.083407
-0.09657573	0.06676035
-0.11011945	0.04776645
-0.11666635	0.02775195
-0.11600355	0.00785575
-0.1084843	-0.01086335
-0.09473885	-0.0276703
-0.07575086	-0.0421535
-0.052771755	-0.05420545
-0.02721155	-0.06397165
-0.00057515	-0.0718877
0.0256449	-0.078225
0.04995935	-0.08372735
0.0710988	-0.0888135
0.0879493	-0.09389915
0.09967045	-0.09928825
0.1057	-0.1050445
0.1056749	-0.11095465
0.09985225	-0.11667025
0.0885228	-0.1217292
0.072469485	-0.12555365
0.05262275	-0.1271101
0.0302508	-0.1259332
0.00670515	-0.12149255
-0.0166142	-0.113475
-0.0382858	-0.10176075
-0.0568167	-0.08639955
-0.0712482	-0.06806955
-0.08051925	-0.04747875
-0.084118215	-0.025691384
-0.0818665	-0.0039423
-0.07399825	0.01646185
-0.061175	0.03415355
-0.04439985	0.04809525
-0.02499455	0.05697855
-0.00462325	0.06041732
0.0150377	0.05823815
0.03238945	0.0507154
0.0458901	0.0385665
0.05433325	0.02297285
0.0570027	0.00545645
0.06381954	-0.00701555
0.0764377	-0.0150899
0.08801805	-0.02244505
0.0985491	-0.02926965
0.108126	-0.0356417
0.117006	-0.0414896
0.12527265	-0.04663495
0.13324925	-0.0507195
0.1418609	-0.05294015
0.1250374	0.13263205
0.1210994	0.1251826
0.115605	0.12091665
0.1096706	0.11832645
0.1033018	0.11638435
0.0961933	0.1144712
0.08807705	0.1122654
0.0785482	0.1096905
0.0673278	0.1065683
0.05327788	0.1033154
0.0227085	0.10876875
-0.011508	0.1089824
-0.04430145	0.1020314
-0.073485715	0.08893075
-0.0971868	0.0710252
-0.1139214	0.0498714
-0.12282765	0.02713395
-0.12345515	0.00433885
-0.11575515	-0.0172295
-0.10034585	-0.0364516
-0.0781074	-0.05259185
-0.050303095	-0.065309
-0.01846835	-0.0746336
0.0157089	-0.08089325
0.0504684	-0.0847497
0.0840675	-0.08671345
0.114809	-0.0877824
0.1412635	-0.08862005
0.162183	-0.08986485
0.176647	-0.09200395
0.1840495	-0.09524025
0.184008	-0.0994545
0.1768495	-0.10432575
0.16291915	-0.10939045
0.1431371	-0.1139875
0.11855925	-0.11696398
0.09063815	-0.117710615
0.0609152	-0.115532195
0.0309865	-0.10994225
0.002483	-0.1006468
-0.022891	-0.0875301
-0.043989	-0.071147
-0.0595601	-0.05210205
-0.06893885	-0.03139838
-0.07181933	-0.0102494
-0.06834135	0.0100233
-0.05911095	0.02799905
-0.04512145	0.0425651
-0.02770315	0.05230545
-0.0085941	0.056732255
0.01043765	0.0555678
0.0276852	0.0489962
0.0414679	0.03765355
0.05043265	0.0226682
0.0536887	0.0055621
0.05375205	-0.0106014
0.06652015	-0.01944555
0.0789884	-0.02713015
0.09024575	-0.0341838
0.1004449	-0.04073075
0.1099242	-0.04678355
0.11890855	-0.0523386
0.12796735	-0.0573502
0.1380524	-0.0616836
0.1167023	0.130923
0.1149747	0.12577795
0.11120905	0.12229925
0.10610445	0.11990775
0.09991855	0.11806055
0.0925835	0.11633915
0.0839641	0.1144334
0.07366515	0.1122639
0.06135905	0.10962775
0.04062135	0.11009715
0.00432865	0.1139839
-0.03187935	0.1095005
-0.06535705	0.09756615
-0.09380865	0.0794991
-0.1153148	0.0569479
-0.12841335	0.03175517
-0.13233965	0.00581165
-0.1267874	-0.01917465
-0.11187845	-0.04178735
-0.0884966	-0.06087015
-0.05776865	-0.0757007
-0.021233595	-0.08602485
0.019298236	-0.09202185
0.06187125	-0.0942143
0.104481	-0.0934957
0.1451515	-0.09062755
0.1819865	-0.08686316
0.2134155	-0.08311455
0.2380695	-0.08024475
0.2549595	-0.0789236
0.263448	-0.07949375
0.263141	-0.08192815
0.254445	-0.085933
0.237767	-0.091041565
0.2141635	-0.0965056
0.184819	-0.1010569
0.15136865	-0.1039371
0.115537	-0.10428395
0.0791114	-0.101434415
0.043923	-0.094918315
0.011877	-0.08445155
-0.015703	-0.07045875
-0.0373889	-0.0534359
-0.05237425	-0.03431848
-0.06023685	-0.0142898
-0.06103345	0.00532325
-0.0553249	0.0230574
-0.04410025	0.03773565
-0.02870435	0.047847
-0.0109502	0.05281225
0.0073045	0.05226305
0.024249	0.04630205
0.0380717	0.0354948
0.04728545	0.02092425
0.05086915	0.00409705
0.04841465	-0.0132799
0.05636331	-0.02424055
0.06980155	-0.0321482
0.08181745	-0.03936875
0.09260545	-0.04606025
0.1025441	-0.0523538
0.1119018	-0.05843185
0.12124605	-0.06452615
0.1315539	-0.071013
0.11088435	0.1275565
0.110492	0.1246195
0.10757375	0.1224939
0.1029302	0.12082685
0.0968532	0.1194301
0.08935365	0.11811755
0.0803384	0.1166731
0.0693902	0.11505615
0.056111635	0.1132598
0.0258238	0.1173149
-0.0131377	0.11710465
-0.0508759	0.10814595
-0.0846314	0.0915469
-0.11201465	0.0689129
-0.13107425	0.042179
-0.1403782	0.0134524
-0.1392645	-0.0151695
-0.1275702	-0.0418152
-0.1055852	-0.06495085
-0.07445455	-0.0834023
-0.0355393	-0.0964717
0.00935702	-0.1040005
0.05816365	-0.1063224
0.108673	-0.1041572
0.1586505	-0.0986263
0.2059085	-0.0907444
0.2483645	-0.082012895
0.2843215	-0.07358691
0.312306	-0.0665469
0.331271	-0.0617395
0.3405575	-0.05964045
0.339768	-0.06031224
0.329396	-0.0634829
0.3099135	-0.06868125
0.282512	-0.07507
0.248503	-0.08127265
0.20969975	-0.08638295
0.168001745	-0.0893721
0.12537895	-0.08940695
0.0838494	-0.085842765
0.0455095	-0.0782342
0.0118415	-0.06687365
-0.015562	-0.0521532
-0.0357688	-0.0349379
-0.04825715	-0.0163778
-0.053013765	0.0021999
-0.0505657	0.01929665
-0.04190745	0.03368085
-0.02840675	0.04375645
-0.01195375	0.048868
0.005504	0.048566165
0.022055	0.0428853
0.0357658	0.03233345
0.04502485	0.01795885
0.04869715	0.0012608
0.04625125	-0.01595735
0.046182945	-0.0293755
0.06058455	-0.037564
0.07336915	-0.04482355
0.08467955	-0.05154925
0.09491015	-0.0579707
0.10428	-0.06438635
0.1131573	-0.0712433
0.12214705	-0.07946615
0.10872175	0.122241
0.10809055	0.122587
0.105106	0.122086
0.10047635	0.1213379
0.09435205	0.12056625
0.08669135	0.11980115
0.07737085	0.11894985
0.06590495	0.1180499
0.0505489	0.11731365
0.0118722	0.12264385
-0.02934195	0.11865915
-0.068264105	0.10557045
-0.1020391	0.08472
-0.12819705	0.0579817
-0.144763	0.02755295
-0.150343	-0.0042181
-0.144372	-0.03504905
-0.126826	-0.0629236
-0.0981569	-0.0862034
-0.0597559	-0.1037105
-0.01320325	-0.1147788
0.0394504	-0.1193484
0.0958927	-0.11790195
0.153683	-0.11135185
0.2103755	-0.1010371
0.2635925	-0.08821695
0.3110785	-0.074623115
0.3510315	-0.061641765
0.381885	-0.0505587
0.4025455	-0.0423828
0.412343	-0.037713875
0.410882	-0.03669795
0.3987495	-0.03908025
0.3764835	-0.04438295
0.3454075	-0.05168285
0.3069595	-0.0595035
0.2631197	-0.06679695
0.2159556	-0.072379
0.16760475	-0.0752545
0.12025985	-0.0746165
0.0761925	-0.0698724
0.0370255	-0.0611843
0.004497	-0.04885335
-0.0203535	-0.033675985
-0.03692005	-0.0167705
-0.0451391	0.00053755
-0.04551845	0.01672015
-0.03906825	0.0304987
-0.0271905	0.0402039
-0.0118557	0.04511705
0.004897	0.04472295
0.0210595	0.0390027
0.034582	0.0284209
0.04374285	0.01400415
0.0473079	-0.0027461
0.04463525	-0.0199735
0.0375108	-0.0355795
0.0515235	-0.043419
0.06505375	-0.050547
0.0768396	-0.05712115
0.08726425	-0.06343285
0.09646375	-0.0697724
0.1045182	-0.07655285
0.11128095	-0.08459235
0.11055865	0.1190625
0.10756085	0.1212515
0.10372	0.1217745
0.098781	0.1217195
0.0925162	0.1215248
0.08472765	0.1213329
0.07521575	0.1211321
0.0634481	0.1209672
0.0423603	0.1232655
-0.00068785	0.1264881
-0.04376155	0.119226
-0.0836452	0.102514
-0.1173503	0.0779607
-0.14233215	0.0476809
-0.156598	0.01410435
-0.1587895	-0.0202092
-0.1484295	-0.0528157
-0.125619	-0.08157415
-0.09095875	-0.104754365
-0.04606135	-0.121186645
0.0072953	-0.130235445
0.0668375	-0.131935165
0.1300355	-0.126909577
0.19424	-0.11624583
0.2568145	-0.101479085
0.3152175	-0.08409595
0.367036	-0.0660319
0.410378	-0.048884212
0.443601	-0.0341193
0.4655745	-0.0228906
0.475622	-0.01590665
0.4733565	-0.0133864
0.4594605	-0.01508675
0.4345385	-0.02051865
0.4000365	-0.0286785
0.357515	-0.03800415
0.3091105	-0.04731445
0.25704565	-0.05528595
0.203611515	-0.06077765
0.15115725	-0.0628385
0.1021127	-0.06074845
0.05822	-0.054554
0.0213445	-0.0444801
-0.007388	-0.031265
-0.0273102	-0.016002
-0.0383237	-1.73E-05
-0.040934	0.0151338
-0.0361805	0.0281306
-0.02551195	0.03724235
-0.0109839	0.0416987
0.005272	0.0409346
0.0211505	0.03489391
0.034495	0.02401375
0.0434834	0.0093158
0.04679805	-0.0076869
0.04374315	-0.0251427
0.0342485	-0.041096
0.0427933	-0.049867
0.05711175	-0.05655915
0.06933305	-0.06275665
0.0799313	-0.0687127
0.0890238	-0.07460525
0.09659045	-0.0806036
0.1022139	-0.0867984
0.11238695	0.1197815
0.107503	0.1212615
0.1028724	0.1218425
0.0976487	0.122092
0.09130715	0.12233
0.08349525	0.1226805
0.07393585	0.12317175
0.061923385	0.12394385
0.03375485	0.12879
-0.01145295	0.12943
-0.056155625	0.1193735
-0.0968982	0.09962775
-0.13058275	0.07198195
-0.1546005	0.03875513
-0.16694	0.00257455
-0.1662735	-0.03382005
-0.1521945	-0.06784695
-0.1249145	-0.09726008
-0.0851587	-0.1202481
-0.0347369	-0.1356545
0.02440391	-0.1428726
0.08979455	-0.14202115
0.158716	-0.13384435
0.228336	-0.11958215
0.29585	-0.100938195
0.3585795	-0.07959992
0.41397	-0.05767356
0.460057	-0.036936645
0.4951355	-0.01901173
0.518043	-0.00517166
0.528107	0.00378465
0.524951	0.0075772
0.5093505	0.006444
0.4819765	0.000888
0.444388	-0.008015
0.398262	-0.0186325
0.3458775	-0.02966505
0.289597	-0.03967185
0.2318487	-0.04738695
0.1751208	-0.05174035
0.12198125	-0.05191065
0.074269	-0.04784625
0.0339545	-0.03971805
0.002228	-0.0282201
-0.0202026	-0.0144308
-0.0332239	0.000317
-0.037358305	0.014442
-0.03368695	0.026586
-0.02371905	0.0349658
-0.00960055	0.0387746
0.0064435	0.0374135
0.022212	0.03080475
0.035446	0.01937845
0.044237	0.00416785
0.0471984	-0.01328365
0.04358905	-0.03106595
0.03341055	-0.046973
0.03500165	-0.0567225
0.04978505	-0.0628134
0.0623695	-0.06844765
0.07314205	-0.0738738
0.08228055	-0.0791712
0.0899201	-0.0842818
0.0960048	-0.08875665
0.1121052	0.1222205
0.1068701	0.1220765
0.10207505	0.1221175
0.09687405	0.1223675
0.0906564	0.122898
0.08300285	0.1237375
0.07362425	0.1248955
0.061914505	0.126496
0.0270735	0.132734
-0.02008105	0.1317655
-0.06623325	0.119596
-0.10782355	0.09750365
-0.1416565	0.06744955
-0.1650645	0.03191535
-0.1760145	-0.00631035
-0.173198	-0.04434355
-0.1562615	-0.079490818
-0.1254998	-0.1094195
-0.08173995	-0.13224635
-0.02695461	-0.1468326
0.036770785	-0.15259125
0.1068039	-0.1497085
0.1802675	-0.13902495
0.2541755	-0.12190395
0.3255805	-0.10018155
0.391694	-0.0757115
0.449837	-0.050730075
0.497989	-0.027163105
0.534394	-0.006753223
0.557869	0.00913424
0.567744	0.01963155
0.563658	0.0244123
0.546477	0.02371535
0.516934	0.0180605
0.476691	0.00858455
0.42753	-0.0030275
0.3718595	-0.01537885
0.3121645	-0.02693555
0.2509917	-0.03633335
0.1909469	-0.042415505
0.1347156	-0.04428885
0.0842105	-0.0418274
0.041482	-0.03517495
0.007761	-0.02499875
-0.01622355	-0.01237665
-0.0303678	0.0013455
-0.035226815	0.014558
-0.03193855	0.0258695
-0.0220871	0.0334552
-0.00791225	0.0364864
0.0082635	0.03434665
0.0241465	0.0269552
0.0373855	0.0147553
0.045993	-0.0011891
0.04853055	-0.0192906
0.0442324	-0.0375958
0.0330855	-0.053967
0.027710295	-0.06401
0.0432364	-0.06929045
0.05612085	-0.07417915
0.06700845	-0.0789766
0.0762261	-0.08374355
0.08419755	-0.08837705
0.09142985	-0.09237315
0.1099473	0.124226
0.10542275	0.122642
0.1011402	0.1220955
0.096358	0.122284
0.090523	0.1230605
0.08323575	0.124358
0.07422805	0.12615
0.062817184	0.128493
0.02260285	0.136035
-0.02624375	0.133901
-0.07373085	0.12033165
-0.116232	0.09665365
-0.1504765	0.064933
-0.1737405	0.02777065
-0.1839645	-0.0119281
-0.179845	-0.0511717
-0.1610565	-0.0871813
-0.12795045	-0.1175561
-0.08142645	-0.1403529
-0.02358295	-0.15444565
0.04339258	-0.1592587
0.1167396	-0.1550237
0.1934555	-0.14264905
0.2704335	-0.12358405
0.344608	-0.09975665
0.413108	-0.07314735
0.473149	-0.046077405
0.5226695	-0.020579065
0.559875	0.001520605
0.5835655	0.018795345
0.5930805	0.0303327
0.588072	0.03577625
0.5694925	0.0353715
0.538132	0.0296567
0.4957395	0.0198183
0.4441955	0.0075725
0.3860165	-0.00561095
0.323793	-0.01813205
0.2601726	-0.0285614
0.19785405	-0.035687355
0.1396183	-0.0385819
0.0874265	-0.037072005
0.043385	-0.0313036
0.008741	-0.0219389
-0.0157793	-0.01007
-0.0301001	0.002934
-0.0348306	0.0154335
-0.031177685	0.0260075
-0.0208147	0.032799
-0.006079	0.0349728
0.010609	0.03191335
0.0268645	0.02355445
0.04025	0.010374995
0.048717	-0.00650985
0.05078515	-0.02544905
0.0456743	-0.0444157
0.03336735	-0.061146
0.02200481	-0.0719455
0.0377754	-0.07593585
0.0507462	-0.0798697
0.06155945	-0.08394645
0.07065155	-0.08827765
0.0786826	-0.0928925
0.08661953	-0.0976111
0.10616665	0.124692
0.10330385	0.122108
0.10012875	0.121281
0.09612485	0.1215645
0.0909117	0.122647
0.0841922	0.1244105
0.0757632	0.126828
0.064040743	0.13044
0.0204441	0.1385665
-0.0297242	0.13606
-0.0784263	0.12189095
-0.121934	0.0974441
-0.1569045	0.0648457
-0.180556	0.0267652
-0.190795	-0.01382005
-0.186305	-0.053850175
-0.1667625	-0.09048815
-0.13254665	-0.1212845
-0.0845943	-0.14424465
-0.025091	-0.1582521
0.043712	-0.162727
0.1189637	-0.15792515
0.1975715	-0.1447867
0.276341	-0.1248094
0.352115	-0.099967
0.42197	-0.07232145
0.4830335	-0.0442302
0.5332175	-0.01778947
0.570702	0.005130255
0.594273	0.023074938
0.6032815	0.03511246
0.597395	0.04087395
0.5776425	0.04061625
0.544865	0.03489945
0.500885	0.0249425
0.447667	0.01247115
0.387818	-0.0009957
0.3240145	-0.0138262
0.25898155	-0.024558875
0.195489915	-0.0319651
0.136389	-0.035119415
0.0836655	-0.03383225
0.0394545	-0.02828305
0.004997	-0.01915175
-0.019009	-0.007561
-0.0325359	0.0050865
-0.0362643	0.0171175
-0.031483965	0.027087
-0.01997055	0.0331175
-0.0041615	0.03438095
0.013426	0.030282
0.0303165	0.02078895
0.0440005	0.006438085
0.0523775	-0.0115825
0.05394625	-0.0315394
0.04793505	-0.0513188
0.03438135	-0.0685845
0.01898154	-0.079544
0.0336047	-0.0825315
0.04639935	-0.0853345
0.05684565	-0.0885526
0.06540035	-0.0924004
0.07277006	-0.0971447
0.080050283	-0.1031981
0.101338	0.1224349
0.10103745	0.11989775
0.09934945	0.1193695
0.09633555	0.1200305
0.0919009	0.1215355
0.0859063	0.123784
0.0782382	0.1267725
0.06601893	0.131471
0.0209372	0.1404955
-0.030262215	0.13839835
-0.080068	0.1244896
-0.1246915	0.1001487
-0.1607255	0.06750895
-0.185332	0.02925905
-0.196371	-0.0115983
-0.192497	-0.051975488
-0.1733595	-0.0890055
-0.13933175	-0.1202108
-0.0913537	-0.14355375
-0.031655125	-0.15792
0.03748765	-0.1627155
0.1131735	-0.15819
0.1922585	-0.145281
0.271492	-0.1254924
0.3476585	-0.1007946
0.4178045	-0.0732843
0.4789945	-0.045303
0.5291245	-0.01896535
0.5663625	0.00385701
0.589485	0.02171734
0.5978565	0.033690295
0.5911575	0.03941257
0.5704845	0.0391577
0.5367235	0.0335073
0.491753	0.02369865
0.4376105	0.01144395
0.3769705	-0.0017183
0.3125735	-0.0141572
0.2472036	-0.02441565
0.183676805	-0.03128795
0.1248857	-0.0338901
0.0728185	-0.0320492
0.0296095	-0.02601045
-0.0035295	-0.0164955
-0.025952	-0.0046755
-0.03769945	0.0080015
-0.03954115	0.01983
-0.03286295	0.029342
-0.01955515	0.034653
-0.002157	0.0349581
0.016718	0.02970075
0.0345105	0.018903
0.048646	0.00318359
0.056991	-0.01617625
0.05803765	-0.0373423
0.05104375	-0.05809785
0.03610335	-0.07600575
0.018211365	-0.087226
0.0309505	-0.08892495
0.0432798	-0.09037655
0.0530378	-0.0925124
0.0605973	-0.09559785
0.066452395	-0.100085
0.071284865	-0.1069487
0.09796745	0.116569
0.0997756	0.11581465
0.0993242	0.11632195
0.0971969	0.1176733
0.09353015	0.11971345
0.08831225	0.1224492
0.0814962	0.12594895
0.06968817	0.1313107
0.0241178	0.1417308
-0.02775936	0.1408386
-0.07851275	0.12804585
-0.1243095	0.1046833
-0.1616895	0.0728408
-0.187759	0.03517665
-0.2003255	-0.00532785
-0.197996	-0.045597495
-0.1803645	-0.08276445
-0.14776785	-0.1143416
-0.10111475	-0.1382595
-0.04263727	-0.153401
0.025403835	-0.1591385
0.1000962	-0.1556935
0.1782825	-0.143966
0.25669	-0.1254205
0.3320745	-0.10198075
0.40148	-0.0757269
0.4619275	-0.04893615
0.511315	-0.02369635
0.5478035	-0.0018387
0.570171	0.0152301
0.5777945	0.02661645
0.570367	0.03198023
0.5490415	0.0316133
0.5147435	0.02611955
0.469389	0.01673615
0.4150715	0.0051402
0.354515	-0.0071403
0.2905025	-0.01850955
0.2258512	-0.02755102
0.1633986	-0.0331199
0.1060529	-0.03441205
0.05578	-0.0313028
0.014684	-0.024132
-0.0160758	-0.013685
-0.03592495	-0.0011965
-0.0449955	0.011834
-0.04416045	0.023668
-0.0349114	0.0328215
-0.0192637	0.037417
0.0001445	0.0366913
0.020607	0.03014595
0.039488	0.01787745
0.0541645	0.0006075
0.0624835	-0.0202691
0.06295375	-0.04280185
0.05488095	-0.06466055
0.03844315	-0.0833049
0.018572925	-0.094804
0.030012	-0.0948442
0.0416088	-0.09476155
0.0504654	-0.0955539
0.05679823	-0.0974126
0.060750405	-0.10074435
0.062233635	-0.1065604
0.0978683	0.10862805
0.1002615	0.11055435
0.1003729	0.1124625
0.09883195	0.11463375
0.0958195	0.1172249
0.09136595	0.1203954
0.0854519	0.12430295
0.0751275	0.129896
0.03013095	0.14212605
-0.022018304	0.14322925
-0.0734979	0.1324206
-0.12045775	0.1109307
-0.1594015	0.08075695
-0.187382	0.044472845
-0.2021465	0.00499225
-0.2022385	-0.034664169
-0.1871725	-0.0716577
-0.157215	-0.103512
-0.1132088	-0.12814
-0.05734525	-0.1444105
0.008169105	-0.151655
0.08045235	-0.1500375
0.156371	-0.1403865
0.2326695	-0.124087
0.306101	-0.10296585
0.3737375	-0.07904225
0.4325805	-0.0544782
0.48054	-0.031290425
0.5157875	-0.01122925
0.537103	0.0043713
0.5438775	0.01467385
0.5358195	0.019378
0.514124	0.01879535
0.479747	0.0135505
0.434626	0.00486275
0.380895	-0.0056481
0.321302	-0.0164949
0.2586505	-0.026150695
0.19576635	-0.033275805
0.1354821	-0.0368242
0.08069225	-0.03610735
0.0333165	-0.03107975
-0.0045995	-0.022203
-0.03197195	-0.010346
-0.048323205	0.0031815
-0.0538905	0.016823
-0.04966595	0.028809
-0.0372548	0.0376505
-0.01880475	0.0414925
0.0029535	0.03963175
0.025227	0.03164845
0.045314	0.017733
0.06056	-0.00126765
0.068814	-0.02382785
0.06862075	-0.04786615
0.05935635	-0.0709304
0.04129945	-0.0903713
0.02000455	-0.10200845
0.03094495	-0.10005625
0.0416056	-0.098338
0.04948245	-0.09758315
0.054665305	-0.0977843
0.05701696	-0.09902945
0.055850465	-0.10171905
0.1009599	0.10151585
0.1024995	0.105398
0.10246855	0.1083878
0.1011805	0.1111961
0.09868525	0.1142051
0.094955	0.11768765
0.0899488	0.12186595
0.08212395	0.1272249
0.0388854	0.14146885
-0.013054805	0.1452862
-0.06495405	0.13727725
-0.1129688	0.11852
-0.1535815	0.09086525
-0.1837985	0.056755525
-0.2013035	0.01898905
-0.2045635	-0.01950823
-0.192986	-0.0559572
-0.1667435	-0.0879143
-0.12657655	-0.11328825
-0.0745982	-0.1309285
-0.01292085	-0.1401145
0.0556428	-0.1409325
0.1280218	-0.13410575
0.20101	-0.1209035
0.2713945	-0.1030135
0.3362945	-0.0823496
0.3927205	-0.06091305
0.438608	-0.040608395
0.4721495	-0.02306835
0.492134	-0.00952465
0.497969	-0.00073665
0.4893765	0.00305045
0.4675815	0.0021675
0.433562	-0.0027419
0.3892605	-0.01049396
0.3368325	-0.019546
0.2790285	-0.02848095
0.2186485	-0.03587228
0.15850355	-0.04049015
0.1013938	-0.0414208
0.0501725	-0.03812475
0.006689	-0.030662
-0.0270967	-0.0196385
-0.0502012	-0.0060205
-0.0622582	0.008796
-0.0636294	0.0231965
-0.05543675	0.035389
-0.0394033	0.0438865
-0.017814	0.046878
0.0065155	0.04373555
0.0307165	0.03413965
0.052036	0.018393941
0.067805	-0.0025112
0.0758965	-0.02690325
0.07491455	-0.05255965
0.06432715	-0.07689845
0.044539015	-0.0971535
0.0224462	-0.10861235
0.0337401	-0.10440275
0.04331365	-0.10108245
0.05024895	-0.0987571
0.054602465	-0.097171
0.056198125	-0.0959859
0.05429193	-0.094769
0.10612665	0.0965005
0.1059353	0.1011178
0.1053042	0.1045148
0.1040597	0.10758575
0.10199475	0.11078595
0.0989615	0.1144164
0.0948811	0.1187186
0.08946105	0.12388355
0.05021245	0.1394085
-0.000959	0.14660625
-0.052858	0.1421401
-0.1016865	0.12692025
-0.14392445	0.102605
-0.1765425	0.0714563
-0.1971585	0.03611307
-0.2041545	-0.0006317
-0.1968135	-0.0360899
-0.1751865	-0.06787345
-0.13988695	-0.09390285
-0.0929086	-0.1130049
-0.036237	-0.1244022
0.0274222	-0.12808365
0.0950969	-0.12464085
0.16366535	-0.11519365
0.229977	-0.1012559
0.291228	-0.08459405
0.3444605	-0.0670094
0.387651	-0.05025774
0.4190245	-0.03582145
0.4373885	-0.02480305
0.44217	-0.0178649
0.433105	-0.01518395
0.4114355	-0.016410825
0.3781565	-0.020886535
0.335198	-0.02747875
0.2847195	-0.03474065
0.229455	-0.04135273
0.17217445	-0.046017575
0.1156531	-0.047646
0.0626305	-0.04548715
0.0158906	-0.03917635
-0.02280885	-0.0289065
-0.0516229	-0.0154415
-0.0696868	0.000139
-0.07676875	0.0163515
-0.07336645	0.0315245
-0.060741065	0.04385
-0.04073945	0.0518595
-0.015784	0.05380435
0.011234	0.04915175
0.0373845	0.0377022
0.0598735	0.0198918
0.076042	-0.0031278
0.08380955	-0.02952345
0.08186295	-0.05692225
0.06978255	-0.0826094
0.048113475	-0.1037445
0.0271105	-0.11375605
0.03829295	-0.1077797
0.04667155	-0.10305395
0.0527272	-0.0993514
0.05660985	-0.09623535
0.05837433	-0.093036
0.05776645	-0.0886625
0.11131265	0.09435015
0.10938115	0.0980612
0.1082448	0.10099675
0.10710995	0.10388265
0.1055035	0.1070195
0.1031742	0.11062335
0.1000018	0.1148747
0.0957435	0.1197779
0.0637592	0.13563165
0.014046885	0.1466214
-0.0372991	0.1463367
-0.08655015	0.1353799
-0.13020185	0.11516715
-0.1651971	0.0877384
-0.189094	0.0555336
-0.200184	0.0211739
-0.1976145	-0.0127739
-0.1812935	-0.04400095
-0.15168	-0.07045795
-0.1106194	-0.0909493
-0.0599371	-0.1046373
-0.0021967	-0.11140085
0.0597634	-0.11168115
0.1229383	-0.1064207
0.1842724	-0.0969284
0.2410586	-0.084789705
0.290403	-0.0715748
0.3303345	-0.058858635
0.3591255	-0.047945795
0.3756095	-0.03978811
0.3792355	-0.034935695
0.3697575	-0.033486195
0.3484215	-0.0350749
0.3162315	-0.0390318
0.27509	-0.04429105
0.227145	-0.0495177
0.175086	-0.05351425
0.1216369	-0.055137325
0.069507365	-0.053464
0.0213541	-0.04792965
-0.0201389	-0.03836855
-0.053324375	-0.0251205
-0.07650155	-0.00912
-0.08894145	0.008436
-0.09056185	0.025976
-0.08200865	0.04178
-0.06468995	0.0540365
-0.040573	0.06131185
-0.0122155	0.0619413
0.0174295	0.05550785
0.0453855	0.041949455
0.0688395	0.02185226
0.0851655	-0.0034563
0.09235525	-0.03197465
0.089205	-0.0611762
0.0754395	-0.08820535
0.0517321	-0.11003175
0.03487465	-0.1175315
0.0443598	-0.1100905
0.0514154	-0.1042331
0.05656865	-0.09950715
0.0601104	-0.0954222
0.0624617	-0.0912505
0.06420272	-0.0857405
0.1141975	0.0946934
0.1117338	0.0958089
0.1107605	0.09759875
0.1100485	0.0999921
0.1090255	0.10289445
0.10743595	0.1063455
0.10515985	0.11045345
0.10188115	0.11533535
0.07900015	0.1292612
0.0316279	0.14468175
-0.018504625	0.1491213
-0.06764125	0.14304345
-0.1123156	0.12761395
-0.14946325	0.10461425
-0.17659215	0.0762474
-0.19190335	0.04493005
-0.1944005	0.01307591
-0.1838355	-0.01710895
-0.1604945	-0.04362735
-0.126044	-0.06526225
-0.08212255	-0.081121395
-0.03112015	-0.09096416
0.02429025	-0.095068165
0.08125155	-0.09418089
0.136835175	-0.0893802
0.18845085	-0.08204735
0.23329785	-0.0734944
0.2694721	-0.0650909
0.2953077	-0.05794245
0.3096735	-0.0528352
0.312046	-0.050193704
0.3021975	-0.0500298
0.281368	-0.0519669
0.2505635	-0.0553298
0.211644	-0.05913185
0.1667285	-0.06216355
0.118443	-0.06337055
0.0694371	-0.06178341
0.0223371	-0.0566657
-0.0203115	-0.047658
-0.0559512	-0.0348053
-0.08306505	-0.018609
-0.10012045	-0.000175
-0.1065418	0.019184
-0.1024085	0.0378145
-0.08852515	0.053956
-0.0664451	0.065817
-0.038255	0.07201165
-0.00664	0.07098655
0.025404	0.062456341
0.0548725	0.0465173
0.0789565	0.02391871
0.09508835	-0.0038254
0.1013599	-0.03454135
0.0967016	-0.06555475
0.081018385	-0.09390595
0.05537345	-0.11658025
0.0443023	-0.11927625
0.05162115	-0.1111564
0.0572039	-0.1045581
0.0613146	-0.0992051
0.06430425	-0.09475415
0.0668732	-0.0907765
0.0704016	-0.0866205
0.11300535	0.09468765
0.1124792	0.0929825
0.1126728	0.09372075
0.112772	0.0956854
0.112457	0.09835235
0.111628	0.10158895
0.1102581	0.1054223
0.1082943	0.1098456
0.09597885	0.12048435
0.0513129	0.1402143
0.003141	0.1496879
-0.045196165	0.1489618
-0.09032235	0.13888605
-0.12919115	0.1209503
-0.1592748	0.09708745
-0.17869185	0.0694765
-0.1863008	0.04034935
-0.1816895	0.01178365
-0.164956	-0.01429775
-0.137566	-0.0366645
-0.1009473	-0.05437675
-0.05729037	-0.0670742
-0.0090719	-0.07486295
0.0410273	-0.078283
0.090234	-0.0781706
0.1360982	-0.07568025
0.17593905	-0.07185135
0.207934175	-0.06782945
0.23049415	-0.06450705
0.24253425	-0.06249195
0.24356165	-0.062078781
0.23337425	-0.06318625
0.2131914	-0.0654319
0.18401645	-0.06814195
0.147652	-0.07041975
0.10617175	-0.0711913
0.06211575	-0.06956215
0.0180398	-0.064751643
-0.0235385	-0.0562255
-0.06020775	-0.0438375
-0.0895638	-0.02785275
-0.110237	-0.0089385
-0.1208855	0.011635
-0.1211012	0.032443
-0.1111348	0.051764
-0.09195237	0.06781775
-0.06525295	0.0788449
-0.033234	0.08353405
0.001306	0.08046591
0.035347	0.0695051
0.065883	0.0509206
0.0901305	0.0256391
0.1056118	-0.0046332
0.11054335	-0.03755
0.10401495	-0.070294
0.08608815	-0.0997832
0.0576316	-0.12289625
0.0540397	-0.11960375
0.0596382	-0.1109841
0.0637098	-0.10393325
0.0665834	-0.09821985
0.06855025	-0.09371655
0.07024835	-0.0905141
0.07314765	-0.089162
0.10907725	0.09006145
0.1123748	0.08807165
0.114346	0.08884265
0.115413	0.09082555
0.115801	0.0934034
0.115666	0.0964241
0.11508275	0.09991705
0.1139895	0.1038879
0.1109281	0.11011278
0.0722959	0.13249895
0.02699304	0.1472338
-0.01972775	0.15215935
-0.06456945	0.14785555
-0.104528865	0.13549925
-0.1370619	0.1167261
-0.1602181	0.09345045
-0.17271655	0.0676938
-0.1739794	0.04138105
-0.1639105	0.01633615
-0.1437565	-0.006207
-0.1147205	-0.0252744
-0.07876745	-0.0403903
-0.0381553	-0.05149285
0.004638	-0.05891045
0.04702185	-0.06322955
0.0867037	-0.0653714
0.121152	-0.06609205
0.14864095	-0.0663054
0.1676708	-0.0666831
0.1772153	-0.0676491
0.1768183	-0.069363595
0.1663074	-0.071655045
0.146869915	-0.0741379
0.1195028	-0.0761476
0.08593905	-0.0768864
0.04819025	-0.07542205
0.0086912	-0.0710321
-0.030117687	-0.0631344
-0.06584795	-0.0514034
-0.09624435	-0.0359108
-0.119081	-0.01713915
-0.1331505	0.0040795
-0.1373195	0.0263235
-0.13135845	0.0480687
-0.1156965	0.0675445
-0.09146035	0.0829687
-0.06048955	0.0926409
-0.02508	0.09534355
0.011874	0.0898183
0.047352	0.0760931
0.078372	0.05462565
0.10220465	0.02652795
0.11648945	-0.0062985
0.119598155	-0.0413415
0.1108045	-0.0756555
0.0904235	-0.1061175
0.0618179	-0.12685305
0.0646259	-0.11834255
0.0681931	-0.10959735
0.07072095	-0.1023071
0.0722402	-0.09630535
0.07277405	-0.09159905
0.0724633	-0.0886594
0.0717929	-0.08897825
0.10719865	0.07982265
0.11340135	0.0808584
0.11660315	0.0830308
0.1182645	0.08554965
0.1191105	0.0881889
0.1194965	0.090988605
0.1195685	0.09408525
0.11935545	0.097516825
0.1186458	0.101367235
0.09371715	0.12119597
0.05218295	0.140969
0.00800935	0.15161505
-0.0356509	0.15330675
-0.0758682	0.1468847
-0.110109115	0.13366625
-0.1363732	0.1152795
-0.15325305	0.0935107
-0.1600129	0.070108
-0.1563623	0.0467718
-0.1433188	0.0247261
-0.121852	0.0049605
-0.09368405	-0.0119445
-0.06083638	-0.025767
-0.02556135	-0.0366315
0.0097575	-0.0448785
0.0430005	-0.051192
0.071812	-0.05604995
0.094577	-0.06013055
0.1099005	-0.06388595
0.1168259	-0.06755715
0.1149412	-0.07117465
0.1041085	-0.074475685
0.0854764	-0.07708085
0.0600282	-0.0783423
0.02941825	-0.07756665
-0.00441815	-0.0739678
-0.03916955	-0.06700255
-0.07252945	-0.05628975
-0.10225935	-0.0417137
-0.12627965	-0.02356135
-0.142563	-0.0025234
-0.1500785	0.0204133
-0.147917	0.0436963
-0.13603215	0.065721
-0.11503545	0.08468965
-0.0862115	0.09884324
-0.05152935	0.1065668
-0.013366	0.1067583
0.025307	0.09834595
0.0614985	0.0815368
0.09227685	0.056986625
0.1149978	0.0260005
0.12744935	-0.0093285
0.12818685	-0.04633
0.11668905	-0.0819385
0.09346775	-0.1128649
0.07293685	-0.1257259
0.07509465	-0.1156548
0.0769714	-0.10710805
0.07812365	-0.0997455
0.07842195	-0.0934036
0.0775772	-0.08801485
0.0750538	-0.08395635
0.06986315	-0.0826093
0.1105841	0.06707685
0.11708885	0.07285605
0.12001685	0.0771239
0.121466	0.080316925
0.122358	0.082955255
0.1230355	0.08543168
0.1236075	0.08803189
0.1240955	0.09083524
0.12457325	0.0939878
0.11467915	0.1058381
0.0777392	0.13028205
0.037100235	0.1465172
-0.00438555	0.15424295
-0.04389975	0.15395035
-0.07894755	0.1466242
-0.1075018	0.1335885
-0.12804935	0.116371
-0.13970645	0.09652385
-0.14199715	0.075596895
-0.13570495	0.05478755
-0.1215613	0.03508055
-0.1010364	0.017144
-0.07589625	0.0013435
-0.04815235	-0.0122525
-0.0199597	-0.0237515
0.0067485	-0.033605
0.029818	-0.042027
0.0477565	-0.0494605
0.0592875	-0.0561475
0.063535	-0.0621524
0.060138	-0.06738045
0.048999	-0.0714856
0.0312185	-0.074099545
0.0077605	-0.07459975
-0.019808	-0.0723999
-0.04964205	-0.06686045
-0.079570405	-0.0576184
-0.1074399	-0.04449105
-0.13117675	-0.02756745
-0.1488965	-0.0073363
-0.1587885	0.01531835
-0.160007	0.03927065
-0.15187615	0.0628637
-0.13453825	0.084436661
-0.10878135	0.10219195
-0.0760398	0.11442185
-0.03839585	0.11962025
0.001711	0.1168254
0.041261	0.10517355
0.0773196	0.0850611
0.1070398	0.05734935
0.12789385	0.02353615
0.13784895	-0.0141015
0.1356709	-0.05275
0.12106435	-0.0892465
0.09458295	-0.12014745
0.0846961	-0.12103655
0.08531655	-0.1118334
0.0857506	-0.1037368
0.0858271	-0.09647725
0.08531855	-0.089818
0.08377045	-0.08339555
0.08018635	-0.07696215
0.07239475	-0.07075675
0.12128295	0.05577625
0.12404755	0.06660474
0.12453765	0.072442115
0.124805	0.075754502
0.125344	0.07800384
0.1261285	0.07993571
0.127077	0.08191275
0.1281375	0.08399745
0.12932	0.0862748
0.1292505	0.0902569
0.10234595	0.11480767
0.06623295	0.13623575
0.0279686	0.1497739
-0.0097762	0.1555641
-0.0445788	0.15425155
-0.0744121	0.1468485
-0.0976832	0.134608
-0.11338089	0.1188662
-0.12085825	0.1010028
-0.12066815	0.0821675
-0.1133096	0.06331965
-0.09999585	0.0451914
-0.0822299	0.0282725
-0.061771335	0.012802
-0.0405315	-0.0011135
-0.02024555	-0.013708
-0.002849	-0.0249475
0.0103025	-0.0350585
0.0180615	-0.0440825
0.019646	-0.05192165
0.0147495	-0.05836705
0.0033225	-0.0629983
-0.0135925	-0.06546545
-0.035049	-0.0651794
-0.05957755	-0.06166232
-0.0854347	-0.0544185
-0.11060315	-0.04326125
-0.1330966	-0.02819805
-0.151023	-0.00951141
-0.1627035	0.01212575
-0.16656	0.03565933
-0.161938	0.05984545
-0.1483996	0.08295515
-0.1262726	0.1032984
-0.096517053	0.1191083
-0.0607033	0.1287559
-0.021008	0.130873
0.020091	0.1246575
0.0595559	0.10947615
0.09454005	0.08592035
0.1223118	0.05505995
0.140492	0.018584
0.14725945	-0.0210605
0.14161785	-0.060938
0.123512	-0.0978134
0.09868895	-0.12284485
0.0958225	-0.1154729
0.0949552	-0.1072568
0.0942713	-0.09982735
0.0936124	-0.09292125
0.09283945	-0.0862231
0.09167655	-0.0790022
0.08928315	-0.07003035
0.0831818	-0.057514
0.13928635	0.0525419
0.1327402	0.065487185
0.1289035	0.07033499
0.1275355	0.07230942
0.1276745	0.07346855
0.128578	0.07456665
0.129869	0.07580225
0.131397	0.0771205
0.133148	0.07852395
0.1351155	0.08006645
0.1247125	0.09446305
0.09404695	0.120366135
0.060056304	0.13925855
0.02519125	0.15086115
-0.0082285	0.1554809
-0.03820925	0.153815
-0.0631069	0.14683
-0.08180935	0.135634
-0.0935196	0.12141375
-0.098569635	0.10525415
-0.09723765	0.08806275
-0.0904809	0.0706119
-0.0795393	0.0534875
-0.06591255	0.0370755
-0.05125748	0.021669
-0.0371069	0.0072315
-0.02515845	-0.005984
-0.0166233	-0.0180025
-0.01251	-0.028688
-0.0134975	-0.0377965
-0.0198295	-0.0450185
-0.03150715	-0.04987365
-0.04754485	-0.05203485
-0.0670245	-0.0509561
-0.08857657	-0.0462649
-0.11056865	-0.03760405
-0.13115065	-0.0249552
-0.1485145	-0.00850175
-0.1609615	0.01129699
-0.1670295	0.03360785
-0.1653805	0.05723505
-0.1555545	0.0808432
-0.13735035	0.10266625
-0.11127715	0.121016
-0.0784513	0.1341885
-0.04056355	0.1406625
0.000141	0.139233
0.0411694	0.129277
0.0795032	0.11040785
0.112414815	0.08341615
0.13731995	0.0495761
0.15202235	0.0107585
0.15494285	-0.030438
0.145346	-0.070976
0.1233695	-0.1075131
0.1084366	-0.11699665
0.10578295	-0.1092799
0.1038143	-0.10219405
0.10226945	-0.0956229
0.10110055	-0.0894089
0.10041835	-0.08328695
0.10054395	-0.07640895
0.1017384	-0.06675
0.10319575	-0.0500245
0.15758455	0.06737655
0.13814455	0.07203715
0.130602	0.0709632
0.128583	0.06968335
0.1289385	0.06912105
0.1302455	0.06923365
0.131941	0.0697185
0.1338585	0.0703015
0.13602	0.07087175
0.1385055	0.0713887
0.139605	0.0737991
0.1190205	0.09886935
0.09029165	0.12240306
0.05939405	0.13930455
0.02851525	0.1495363
-0.0004145	0.15349085
-0.025739	0.1518465
-0.0462742	0.14547
-0.0611017	0.13533985
-0.07034725	0.12245635
-0.07408575	0.10765117
-0.073027105	0.0917105
-0.06815265	0.0752857
-0.0607025	0.05888
-0.05207395	0.04294
-0.043592915	0.0276015
-0.03671185	0.0133035
-0.0324869	0.0001985
-0.0317813	-0.0114235
-0.0351652	-0.0211955
-0.0428151	-0.028725
-0.05467585	-0.0334855
-0.0698285	-0.0351786
-0.08738415	-0.03330805
-0.10607835	-0.02760455
-0.1243971	-0.01784035
-0.14066665	-0.00415235
-0.1532675	0.0131178
-0.160701	0.03335636
-0.161728	0.055598
-0.1552565	0.0785375
-0.14101755	0.10077835
-0.1190403	0.1205555
-0.09000195	0.136215
-0.0551622	0.1461465
-0.01630735	0.1489675
0.0242748	0.1436561
0.06410915	0.1297874
0.100231357	0.107231
0.1300634	0.0769748
0.15120465	0.0404905
0.161668	-0.000186
0.1601495	-0.042333
0.1461975	-0.0828228
0.12425115	-0.11277485
0.1179491	-0.10905575
0.1145335	-0.1028205
0.1117597	-0.09687025
0.1095045	-0.0912464
0.1078002	-0.08600415
0.1070177	-0.0811776
0.10825495	-0.07642545
0.11363675	-0.07016955
0.12698685	-0.057591
0.1535815	0.10487345
0.132218	0.0827599
0.12708	0.0715837
0.127289	0.066399
0.129073	0.0643112
0.1312125	0.06371685
0.133372	0.06365195
0.1355785	0.06363
0.137981	0.0634574
0.1407025	0.0630537
0.143877	0.06228775
0.1394285	0.0724295
0.11700355	0.09931785
0.091052	0.120752015
0.06383245	0.13602355
0.03715495	0.1452445
0.0126445	0.1488043
-0.008475	0.1473225
-0.0251965	0.1415565
-0.0374603	0.13240215
-0.04516175	0.12059375
-0.04877755	0.10690395
-0.049041	0.09201765
-0.046938325	0.0765209
-0.043609	0.0609786
-0.040173	0.0456715
-0.0378324	0.0311835
-0.037484835	0.0178185
-0.039843823	0.0059905
-0.045364825	-0.0038335
-0.05415505	-0.0111985
-0.06610255	-0.015547
-0.0803568	-0.0166155
-0.09606125	-0.0139645
-0.11206	-0.0074205
-0.1269635	0.00312435
-0.1392815	0.0173946
-0.147587	0.03491265
-0.1505875	0.054935552
-0.1472675	0.07639735
-0.1367785	0.09791965
-0.11903845	0.11807655
-0.09429325	0.13514225
-0.0633736	0.147531
-0.0276586	0.153755
0.01099545	0.1525977
0.0502878	0.1432398
0.0877934	0.1254645
0.12064125	0.0994063
0.1464369	0.06624195
0.162989	0.027628
0.1685455	-0.014251
0.1620825	-0.056608
0.1436751	-0.09581735
0.13077295	-0.1059672
0.12601625	-0.10129235
0.1221236	-0.09637795
0.1187924	-0.09143285
0.11589485	-0.0866479
0.1133997	-0.0823521
0.11166515	-0.07908115
0.11211545	-0.07766755
0.118046	-0.07893905
0.137526	-0.08336015
0.1104217	0.120408505
0.11349685	0.083057465
0.119148	0.06672163
0.124652	0.06033625
0.12882	0.05832695
0.1319115	0.0578694
0.1343785	0.05766555
0.1366675	0.05723735
0.139109	0.0564281
0.141868	0.05520385
0.1450955	0.0535048
0.148357	0.0520424
0.13845	0.0707554
0.11826515	0.09555745
0.0957279	0.115044135
0.07243305	0.1289331
0.04994365	0.13731845
0.029491	0.14057355
0.012136	0.139229
-0.0018995	0.134058
-0.0123605	0.12568035
-0.019511	0.1148267
-0.0238527	0.102185241
-0.02613085	0.0883908
-0.0272333	0.07408745
-0.02807955	0.05966905
-0.029622955	0.045825
-0.03260175	0.0329775
-0.0375801	0.0216365
-0.0448964	0.01234
-0.0545883	0.005587
-0.06648595	0.0019455
-0.0798097	0.0016415
-0.0937419	0.005054
-0.107235	0.012266
-0.119027	0.02327705
-0.127815	0.0376942
-0.132366	0.0549275
-0.1315965	0.074133875
-0.12471	0.09417995
-0.111095	0.1136495
-0.0908468	0.13112245
-0.06440745	0.1449491
-0.0327426	0.15364315
0.0026752	0.1558688
0.039948334	0.1505954
0.07679845	0.13722365
0.11088175	0.1157512
0.1394625	0.08657565
0.1603585	0.0510518
0.171623	0.011004
0.171767	-0.031244
0.159963	-0.0727509
0.1437107	-0.09849965
0.1374367	-0.0972298
0.13272735	-0.09402355
0.1286914	-0.0901897
0.1250653	-0.08600625
0.1216501	-0.0817165
0.11815935	-0.0778231
0.11445025	-0.07530065
0.1112486	-0.07623105
0.110853	-0.084428
0.1191347	-0.10655565
0.0650328	0.0948797
0.09199755	0.0647086
0.111532	0.05304381
0.1233035	0.05061565
0.1295865	0.05128135
0.1330045	0.0520352
0.1352295	0.0520705
0.1372465	0.05134015
0.139491	0.0499336
0.1421015	0.04794645
0.145176	0.0453349
0.1487935	0.04192255
0.150204	0.040814
0.139315	0.0644837
0.12233225	0.087204
0.1034111	0.10495305
0.0840478	0.11756305
0.0654495	0.1251728
0.04869435	0.12808655
0.034135	0.1269445
0.022148	0.1222345
0.012656	0.1146224
0.0053665	0.104767
-0.0002415	0.093318758
-0.0048179	0.0809634
-0.0090901	0.06817475
-0.01377135	0.05570665
-0.0194422	0.044068
-0.0265213	0.0338315
-0.035231585	0.0255815
-0.045541915	0.0198375
-0.05722725	0.017162
-0.06957955	0.0177415
-0.0818243	0.0218875
-0.09302215	0.02960435
-0.1020415	0.04079585
-0.10776545	0.05497275
-0.10915505	0.07145805
-0.10533035	0.0893388
-0.095705	0.10744665
-0.0798956	0.1243662
-0.0581577	0.13871365
-0.03110755	0.14895045
0.000178712	0.15371815
0.0341637	0.1518567
0.06894025	0.1425385
0.10228595	0.1253933
0.131973	0.1006339
0.1554375	0.06891275
0.170739	0.0317435
0.1762045	-0.008909
0.170673	-0.05061855
0.1566194	-0.0867147
0.14781695	-0.0908102
0.14275775	-0.08968255
0.1383469	-0.08750345
0.1344649	-0.08449565
0.1308885	-0.08082335
0.12732345	-0.07659185
0.12311885	-0.07216325
0.11712075	-0.06850605
0.1081691	-0.06823885
0.09580685	-0.07732965
0.082768	-0.1050783
0.0242681	0.0452857
0.0804305	0.02847835
0.1125248	0.03112137
0.1276151	0.0386427
0.1332305	0.0445783
0.1350525	0.0471831
0.135982	0.0474219
0.1372665	0.0462163
0.139103	0.0441216
0.141437	0.0414003
0.14422	0.03802975
0.147415	0.03386245
0.151006	0.0287205
0.1515875	0.0304335
0.1415585	0.0536686
0.1277622	0.0742011
0.1124547	0.09015825
0.09676885	0.101459165
0.081761	0.10818815
0.06788365	0.11084245
0.05559735	0.1097705
0.044982	0.1055509
0.035928	0.0987876
0.028114	0.09011445
0.02111	0.080221595
0.0143655	0.06963125
0.0073935	0.0591208
-0.0002365	0.04925115
-0.0088046	0.0406294
-0.0184246	0.03385595
-0.0290001	0.02945025
-0.04025555	0.027951
-0.0515561	0.02950285
-0.06217465	0.03434915
-0.071278645	0.04242295
-0.077867185	0.0535449
-0.0810064	0.0671526
-0.0798455	0.08250941
-0.07370185	0.09866005
-0.06218714	0.11443755
-0.04512681	0.1284598
-0.02292235	0.1394125
0.0036666	0.1458971
0.033480105	0.14670895
0.0649472	0.14088425
0.0961849	0.1278119
0.1250625	0.10735325
0.1494985	0.0799311
0.167143	0.0464381
0.1763145	0.008526
0.1756285	-0.0317349
0.16515825	-0.07035325
0.15645575	-0.08219545
0.1514429	-0.08349945
0.1469715	-0.08327065
0.14301	-0.0818918
0.139538	-0.07955805
0.1364475	-0.07629135
0.133488	-0.0718583
0.129834	-0.0659559
0.1231869	-0.0586605
0.10944925	-0.05155815
0.08317915	-0.05180215
0.04140345	-0.0744079
0.0125068	-0.0465999
0.09326695	-0.025579535
0.1309351	0.00537395
0.14115425	0.0291616
0.140315	0.0414039
0.1375985	0.0448961
0.1361575	0.04433925
0.136474	0.0420267
0.137903	0.03900145
0.139984	0.03555625
0.142466	0.0315681
0.145236	0.0268305
0.1482715	0.0211125
0.1515375	0.014184
0.1516775	0.016907
0.1438545	0.0383065
0.13329685	0.05656535
0.12137215	0.07071125
0.109077	0.0806145
0.09693495	0.0866214
0.0854571	0.0889405
0.0748471	0.0880452
0.0651455	0.08446215
0.05620765	0.0787789
0.0477975	0.07165915
0.0395275	0.063641555
0.031115	0.0554888
0.0222705	0.0477869
0.01284	0.0411434
0.002812	0.0361528
-0.007659	0.0333136
-0.0182553	0.0331244
-0.0284134	0.03568965
-0.03745985	0.04118145
-0.0446666	0.0494726
-0.04916215	0.0603146
-0.0501891	0.07309382
-0.04707795	0.08704055
-0.03933025	0.10118715
-0.02674085	0.11439525
-0.00932335	0.1253503
0.01239765	0.13283455
0.03755005	0.13561455
0.06491915	0.13265915
0.09293395	0.1232129
0.1197693	0.10688885
0.14341855	0.08377569
0.1619795	0.0544947
0.173347	0.02015735
0.1761235	-0.01746885
0.169555	-0.05557405
0.16230385	-0.0721969
0.1581476	-0.07584765
0.1541185	-0.07762425
0.150315	-0.0779714
0.146862	-0.0772238
0.143919	-0.07556455
0.14167	-0.0729282
0.1402355	-0.06869615
0.1392835	-0.06139385
0.13622	-0.0489712
0.1238448	-0.02870975
0.08790019	-0.00471465
0.0106205	0.0020766
0.04608	-0.16868763
0.1515861	-0.08895275
0.17704795	-0.0117695
0.1649084	0.03237725
0.148385	0.0467253
0.1384285	0.0467538
0.1345745	0.0429955
0.1344175	0.0385576
0.1358365	0.0343688
0.137872	0.03029355
0.1401095	0.02588205
0.1424405	0.0207825
0.144859	0.0147185
0.1473595	0.0074495
0.149875	-0.0012235
0.1502675	6.00E-05
0.144901	0.0186695
0.1373398	0.034646
0.12849905	0.0468861
0.118958722	0.05558855
0.10924345	0.06082825
0.09964195	0.062961485
0.0903158	0.0624169
0.08126565	0.0597124
0.07242375	0.0554558
0.0635454	0.0501774
0.054529	0.04459185
0.045212	0.039279262
0.0355525	0.03482575
0.0256295	0.0317928
0.015645	0.03064315
0.005953	0.03182065
-0.0029565	0.03539095
-0.010469	0.04145705
-0.015957	0.04984047
-0.018676	0.0602358
-0.018037	0.072003
-0.013538	0.0843613
-0.0048545	0.0963575
0.00805855	0.1069116
0.02502175	0.1148015
0.04541245	0.11893135
0.0682795	0.11825005
0.0923841	0.1119146
0.11618915	0.09938525
0.13796225	0.0804972
0.15585015	0.05556055
0.1681504	0.0253731
0.17305035	-0.0087685
0.16953225	-0.04430625
0.1649841	-0.0620948
0.1623552	-0.0676418
0.1593645	-0.0711567
0.1561885	-0.07304755
0.1529895	-0.07367535
0.149949	-0.0733945
0.147394	-0.0724923
0.1459505	-0.07105315
0.146534	-0.0684254
0.150418	-0.06208455
0.157447	-0.04720075
0.161386	-0.01178
0.1363245	0.0571592
0.0258225	0.1377784
0.1267435	-0.3701455
0	0
0	0
0.1892565	0.067896
0.148305	0.0646651
0.1330655	0.05212905
0.129645	0.04203365
0.1307755	0.03483085
0.133063	0.02972295
0.135372	0.02541455
0.1374055	0.02091235
0.139253	0.015696
0.141025	0.0094945
0.1427495	0.0021375
0.144353	-0.006538
0.145724	-0.016674
0.146281	-0.019479
0.143168	-0.0045455
0.1382463	0.00902
0.13196255	0.01957
0.124778845	0.02706795
0.1170288	0.0317281
0.1089657	0.0338663
0.10070785	0.03391545
0.0923238	0.0324022
0.08369275	0.02982643
0.07486265	0.026826345
0.065783	0.02395175
0.056507	0.02174325
0.047189	0.020710975
0.03807	0.02126718
0.029527	0.023789465
0.0219775	0.028307185
0.015975	0.034857985
0.0120465	0.04322115
0.010814	0.05304765
0.012711	0.06369265
0.018084	0.07438645
0.0271041	0.08421535
0.0396746	0.09217845
0.05548165	0.0971711
0.07382925	0.098238
0.093722257	0.09452095
0.1139296	0.0853735
0.1329808	0.0704691
0.1492704	0.04985764
0.16113025	0.02406705
0.1670471	-0.00594805
0.16576705	-0.0373541
0.16455975	-0.053100915
0.16390395	-0.05989954
0.162414	-0.06473558
0.1603715	-0.06788273
0.1579435	-0.06959234
0.1552355	-0.07018265
0.1523705	-0.0700841
0.1496875	-0.06985955
0.148194	-0.07014705
0.149812	-0.0711715
0.158217	-0.0709158
0.1794285	-0.06428915
0.2214235	-0.03268
0	0
0	0
0	0
0	0
0	0
0	0
0.1231209	0.0862806
0.116927	0.05465045
0.1207955	0.03781335
0.126153	0.02914735
0.130333	0.024474
0.133031	0.02082095
0.134682	0.016698
0.1358795	0.011582
0.1369435	0.0053635
0.137938	-0.001966
0.13876	-0.0104535
0.1392225	-0.0202075
0.1391065	-0.031365
0.139336	-0.0398315
0.1370365	-0.0302975
0.1344961	-0.018938
0.13035635	-0.0099805
0.1250617	-0.0034755
0.118944685	0.000792
0.1122082	0.00316
0.10502445	0.0040615
0.09737295	0.00394455
0.08942095	0.00335045
0.08121055	0.00277765
0.0728724	0.00270335
0.0646195	0.00357075
0.0567195	0.00573075
0.049559	0.0094869
0.0434875	0.0148365
0.038988	0.02175607
0.0364935	0.0299929
0.0365085	0.03916635
0.039323	0.04864495
0.04514355	0.05769
0.054006	0.0654471
0.06570005	0.07101305
0.07980255	0.073418
0.09557275	0.07186015
0.1120063	0.0656796
0.12790895	0.0544269
0.1419064	0.0379802
0.1525521	0.016574335
0.1584935	-0.00902335
0.1587142	-0.03433057
0.16144325	-0.04627985
0.16291015	-0.0535061
0.1631745	-0.05912022
0.162586	-0.06318948
0.16138	-0.065803655
0.159668	-0.067086551
0.1574225	-0.06725849
0.1545175	-0.0667901
0.150943	-0.06661378
0.1475555	-0.068295565
0.146791	-0.0741405
0.1540815	-0.08525955
0.18087385	-0.100210915
0	0
0	0
0	0
0	0
0	0
0	0
0.104815	0.121155
0.072431995	0.0847002
0.09214355	0.04307425
0.110907	0.0254962
0.123046	0.0198966
0.1292785	0.01852665
0.131652	0.01686155
0.1322385	0.013539
0.132415	0.008548
0.132681	0.002262
0.133023	-0.005043
0.133223	-0.013286
0.133023	-0.0225295
0.132166	-0.032867
0.1303365	-0.044369
0.127688	-0.05579
0.125945	-0.056537
0.1249924	-0.0474845
0.1225011	-0.0399705
0.11877925	-0.0342835
0.1140835	-0.030193
0.10865685	-0.02738
0.1025593	-0.025457
0.0960421	-0.02399595
0.0892214	-0.0225661
0.0822841	-0.0207662
0.0754866	-0.01823225
0.0691105	-0.01468065
0.06353905	-0.0098856
0.059052	-0.00387705
0.05606085	0.00326735
0.05490665	0.0112716
0.0559802	0.0197347
0.05944495	0.02805555
0.06538225	0.035541845
0.07371405	0.041413775
0.0841409	0.044879945
0.0961612	0.0451156
0.10901757	0.0414814
0.1217278	0.033513
0.1331659	0.02095574
0.14208105	0.00388421
0.14732475	-0.017054715
0.15150115	-0.03343635
0.15643575	-0.0422965
0.15985625	-0.04918815
0.161883	-0.05492315
0.162813	-0.0594512
0.162949	-0.06275435
0.1625295	-0.06479575
0.161642	-0.065507635
0.1600995	-0.064863405
0.157325	-0.063143785
0.1524055	-0.061443915
0.1448845	-0.062254875
0.1361345	-0.07098775
0.13152225	-0.09500975
0.1487593	-0.1394785
0.2453255	-0.100926
0	0
0	0
-0.761395	-0.305024
0	0
-0.363229	0.1911555
-0.0655625	0.13191
0.0136893	0.042047
0.06983225	0.0081678
0.1076062	0.0018325
0.1262997	0.00717985
0.1323185	0.0132929
0.131952	0.01481275
0.130039	0.0121095
0.1286795	0.0067615
0.128147	7.40E-05
0.128027	-0.0073215
0.127829	-0.015303
0.1271825	-0.02398
0.1258475	-0.0334775
0.1236345	-0.0438435
0.120365	-0.0550345
0.115862	-0.06705
0.11088345	-0.0768042
0.1088645	-0.0747079
0.10781125	-0.0684505
0.1054512	-0.0633515
0.1021349	-0.05925685
0.09797881	-0.0558511
0.09328725	-0.05281755
0.08823735	-0.0498171
0.08304585	-0.046526
0.07799885	-0.0426725
0.07338255	-0.0380382
0.0695592	-0.0324742
0.0667417	-0.02603265
0.06526445	-0.0188362
0.06538235	-0.01117625
0.06737545	-0.0034639
0.07129595	0.00374495
0.07711795	0.0098166
0.08467185	0.0140539
0.09359225	0.0157895
0.103331685	0.01434545
0.11314335	0.009248
0.1220984	0.0002217
0.1292129	-0.01280885
0.1352038	-0.026359
0.1432877	-0.03464815
0.150281	-0.0412518
0.15545115	-0.04735425
0.159071	-0.0526251
0.161421	-0.0570427
0.1627805	-0.0605878
0.163468	-0.06323
0.1638125	-0.06483455
0.1640135	-0.0650794
0.163866	-0.063448595
0.1623165	-0.0595091
0.1569925	-0.053745965
0.144416	-0.04862141
0.12192965	-0.05266575
0.08982395	-0.0824918
0.065446095	-0.15948735
0.083455	-0.32561705
-0.2142355	-0.716425
0	0
-0.5795915	-0.202104
-0.527104	-0.046677
-0.33350235	0.0286555
-0.15312345	-0.0084215
-0.02535252	-0.05016835
0.0673161	-0.05391255
0.12279055	-0.03236515
0.14296565	-0.0050431
0.141847	0.0131705
0.1335705	0.0172695
0.127123	0.0133015
0.1240045	0.006192
0.1230865	-0.001542
0.1229665	-0.0091595
0.122684	-0.0167925
0.12178	-0.02481
0.1201115	-0.033477
0.1176265	-0.0428705
0.1142325	-0.0529285
0.1098075	-0.063472
0.104137	-0.074241
0.09714365	-0.084889
0.0896416	-0.0932378
0.08617115	-0.09315935
0.08527425	-0.0885631
0.08327395	-0.08440335
0.080571255	-0.08033615
0.077534925	-0.07630435
0.07428145	-0.0719856
0.07116415	-0.0672575
0.0684577	-0.0619273
0.06648095	-0.0559277
0.0653827	-0.0493237
0.06541715	-0.042276
0.06675455	-0.0350835
0.06957265	-0.0281571
0.073832	-0.02199595
0.0793988	-0.0171539
0.086053415	-0.01427965
0.0933641	-0.01384175
0.1008374	-0.0164664
0.10773435	-0.02246015
0.1155936	-0.02918425
0.12606605	-0.03393215
0.1357334	-0.03860173
0.1437944	-0.04344025
0.150291	-0.04816755
0.1553165	-0.0525479
0.158977	-0.0563546
0.1614545	-0.05956465
0.1629965	-0.06221945
0.163978	-0.06437175
0.164946	-0.0658965
0.1665	-0.066254
0.168896	-0.06420745
0.1711135	-0.0578116
0.1692495	-0.0454194
0.154994	-0.02688055
0.1183637	-0.01069334
0.04373165	-0.0224248
-0.055476555	-0.10309945
-0.15607	-0.270572
-0.3256455	-0.499935
-0.640113	-0.617155
-0.4893205	-0.2114645
-0.4376075	-0.1563705
-0.3270325	-0.134841
-0.1879745	-0.1592545
-0.0335709	-0.18644625
0.1071911	-0.14301945
0.17268115	-0.07089542
0.1832695	-0.005525
0.157643	0.027723
0.132801	0.027759
0.1207825	0.0173315
0.1171645	0.0060055
0.117256	-0.0034395
0.1180295	-0.011109
0.1180395	-0.0180285
0.116949	-0.025156
0.1149315	-0.032978
0.1121865	-0.0415465
0.108753	-0.050689
0.1045625	-0.060139
0.0994417	-0.06963815
0.09327835	-0.0789284
0.08603835	-0.0877122
0.0777676	-0.0956327
0.06895435	-0.10239425
0.06055725	-0.1056109
0.05805805	-0.1035971
0.0574528	-0.0991403
0.05599407	-0.0942427
0.054891735	-0.08922185
0.054147185	-0.08360965
0.05403963	-0.07756195
0.05466508	-0.07110435
0.05618677	-0.064432
0.058704875	-0.05784965
0.06227473	-0.0517369
0.06684607	-0.0466022
0.0721019	-0.0426818
0.07780505	-0.04108275
0.0851662	-0.04093275
0.0963475	-0.04033825
0.10824035	-0.0411324
0.1192237	-0.0428022
0.12907395	-0.04530135
0.13767985	-0.048319935
0.145006	-0.05157035
0.1510665	-0.0547741
0.155911	-0.0577053
0.159537	-0.0601773
0.1619885	-0.06220215
0.163417	-0.0639555
0.1642255	-0.065742
0.165276	-0.0677077
0.1679515	-0.069407
0.1739155	-0.06900265
0.183883	-0.062177025
0.1939845	-0.0426832
0.18814	-0.0053955
0.154602704	0.05243455
0.0285905	0.11356545
-0.1879098	0.043109
-0.3437715	-0.1339695
-0.4858005	-0.299379
-0.64693	-0.3845135
-0.453799	-0.236351
-0.41648	-0.2263965
-0.346359	-0.244223
-0.2397185	-0.3041145
-0.049837	-0.39939975
0	0
0	0
0	0
0.161231	0.0750575
0.11814655	0.0477231
0.10632265	0.0217805
0.1070375	0.0037315
0.1110835	-0.0072365
0.1140275	-0.0138925
0.114487	-0.019146
0.112909	-0.024941
0.1102525	-0.031932
0.107134	-0.0399265
0.103711	-0.0484665
0.09985655	-0.05714
0.09533585	-0.0656896
0.09001725	-0.0739461
0.0839017	-0.0817379
0.077112	-0.08883215
0.06984015	-0.09496015
0.0623858	-0.0997775
0.05490645	-0.10299625
0.0482869	-0.10445085
0.04209315	-0.10433525
0.03754375	-0.10208665
0.0359887	-0.0983207
0.0366588	-0.0930747
0.0385212	-0.08723235
0.04163375	-0.0811615
0.0459863	-0.0752313
0.05247645	-0.0697198
0.0613653	-0.06434505
0.07160745	-0.0600666
0.08208685	-0.0568498
0.0930538	-0.05459505
0.1038472	-0.0535025
0.11416785	-0.05333495
0.1237516	-0.05398245
0.132416	-0.05528185
0.1400815	-0.057049494
0.146745	-0.0590637
0.1524295	-0.0610598
0.1571565	-0.0627649
0.1608055	-0.06395425
0.1632005	-0.06464135
0.1642425	-0.065194
0.164184	-0.06644105
0.164084	-0.06928515
0.166222	-0.07418615
0.174696	-0.07999845
0.1952755	-0.0804603
0.2301095	-0.05739545
0	0
0	0
0	0
-0.413881	0.281888
-0.5432535	-0.014666
-0.6144055	-0.1858495
-0.688165	-0.271947
-0.4460745	-0.2561805
-0.4275165	-0.2681735
-0.3966355	-0.3091495
-0.3564625	-0.4075745
-0.298871	-0.6408671
0	0
0	0
0	0
0.100080765	0.1425673
0.07595715	0.0633877
0.0809388	0.0176337
0.0944469	-0.005887
0.106546	-0.01546215
0.1127795	-0.018045
0.112992	-0.019662
0.1098335	-0.0235675
0.1058385	-0.030031
0.10214915	-0.037995
0.0988469	-0.046383
0.09549725	-0.0545755
0.09163905	-0.062373
0.08707455	-0.06979975
0.08186105	-0.07686105
0.07620725	-0.08342615
0.0703624	-0.08926355
0.06456565	-0.0940675
0.05905205	-0.09761315
0.0541238	-0.09980235
0.0500036	-0.1006213
0.0471038	-0.10007375
0.04573515	-0.0983578
0.04611545	-0.0956205
0.0483316	-0.0920338
0.05236375	-0.08783395
0.05801515	-0.0833274
0.06503485	-0.07889515
0.07314205	-0.074769
0.0820763	-0.07122575
0.09146865	-0.0683704
0.1010863	-0.06621905
0.110611	-0.06479255
0.1197205	-0.0640014
0.1281845	-0.0637944
0.135843	-0.064121705
0.1426685	-0.064912685
0.1487345	-0.06601355
0.1541415	-0.0671482
0.1589385	-0.06789665
0.1628955	-0.06785985
0.1654685	-0.06686985
0.165992	-0.06539805
0.1641735	-0.06507895
0.1608945	-0.06816535
0.1586875	-0.0769455
0.163844	-0.09422495
0.1917932	-0.119034
0.27360995	-0.13534915
0	0
0	0
0	0
-0.939325	0.304502
-0.7746615	-0.0090065
-0.731292	-0.154319
-0.736605	-0.225724
-0.451302	-0.263608
-0.4505985	-0.28142
-0.4543695	-0.3196325
-0.48422	-0.3928135
-0.6128665	-0.5212465
0	0
0	0
0	0
-0.0313765	0.1534688
0.0066737	0.044198205
0.0478378	-0.00929005
0.0834898	-0.02964805
0.10828045	-0.0305383
0.118052	-0.022512
0.115027	-0.017366
0.1075465	-0.019539
0.10096485	-0.0268015
0.0966111	-0.0359145
0.0938491	-0.044784
0.0914053	-0.0526795
0.0883477	-0.0596955
0.08439265	-0.06630035
0.0797699	-0.07278455
0.0748981	-0.07909355
0.07013185	-0.0849402
0.06568045	-0.0899578
0.0616669	-0.093918
0.05821225	-0.0967584
0.0555229	-0.0985201
0.05390045	-0.09929445
0.05365285	-0.0991614
0.0550076	-0.0981819
0.05799005	-0.09635815
0.062516	-0.09377345
0.0683245	-0.09064795
0.0751351	-0.08731245
0.08270295	-0.08403635
0.09083795	-0.08107375
0.0993553	-0.0785484
0.10806075	-0.0764662
0.1167	-0.07478975
0.124951	-0.0734463
0.132539	-0.0724629
0.139298	-0.071922335
0.145269	-0.07191713
0.1506925	-0.0724093
0.1558985	-0.0731138
0.1611015	-0.0733446
0.166089	-0.0723409
0.1698005	-0.0693655
0.1702895	-0.0644979
0.1656235	-0.06036635
0.156441	-0.0613121
0.1442015	-0.07033195
0.13060045	-0.097872215
0.136027155	-0.16197745
0.2075095	-0.279569
0	0
0	0
0	0
-1.1566235	-0.142464
-0.896027	-0.146073
-0.8006735	-0.191262
-0.769764	-0.224392
-0.460862	-0.260114
-0.4715365	-0.275608
-0.4920175	-0.2982
-0.539616	-0.324111
-0.6456525	-0.325416
-0.785269	-0.184931
-0.6966997	0.1359385
-0.3545603	0.1896255
-0.17249595	0.065082354
-0.0646785	-0.0253216
0.02150334	-0.06781495
0.08380035	-0.07186025
0.12640125	-0.0550321
0.1372965	-0.022957
0.121224	-0.007215
0.10396065	-0.010596
0.0936371	-0.0220515
0.0894322	-0.0343815
0.08849375	-0.044455
0.08784575	-0.051887
0.085793	-0.057644
0.08211015	-0.0631455
0.0775587	-0.0691313
0.0730313	-0.075507
0.0690647	-0.08172
0.06577855	-0.08718215
0.063062	-0.09159475
0.0608115	-0.0949867
0.0591523	-0.0975589
0.05842	-0.09950945
0.0590164	-0.10087155
0.06124055	-0.10154465
0.06507865	-0.10131125
0.0703257	-0.10006415
0.0765777	-0.09795395
0.0834374	-0.0953436
0.0906832	-0.0925979
0.09824495	-0.0900431
0.10611545	-0.08781245
0.11422725	-0.08583095
0.12235865	-0.0839428
0.1301115	-0.08201685
0.1370675	-0.080158585
0.142967	-0.07864859
0.147902	-0.0778858
0.1523965	-0.07810385
0.157264	-0.079042
0.163085	-0.0795714
0.1700725	-0.0783683
0.1770925	-0.0733752
0.1802045	-0.0625874
0.172214	-0.04968765
0.154965	-0.04675735
0.13491055	-0.0464378
0.08231995	-0.06462955
0.02372995	-0.1582438
-0.007267	-0.34018045
-0.0822135	-0.6545871
-0.5277715	-0.950627
-0.978219	-0.687006
-0.9848625	-0.3821515
-0.8814285	-0.268695
-0.815291	-0.2436865
-0.781534	-0.2428715
0	0
-0.48335	-0.261963
-0.5037015	-0.270707
-0.5373915	-0.2697455
-0.5840655	-0.2409235
-0.60836	-0.1576535
-0.5466025	-0.0488825
-0.3966451	-0.020569
-0.25385005	-0.0721135
-0.1215183	-0.1432922
0.02449285	-0.16951905
0.123397	-0.080642
0	0
0.184405	0.0018915
0.1255475	0.0233005
0.092356	0.0059995
0.0800187	-0.016871
0.0792188	-0.035473
0.0830748	-0.0472021
0.0859009	-0.0529945
0.0848938	-0.0559715
0.08051805	-0.059604
0.0750028	-0.0652345
0.0702047	-0.0722934
0.06688165	-0.0794875
0.06484795	-0.08570155
0.06346935	-0.0904974
0.0622254	-0.0941604
0.06116345	-0.09728715
0.06082785	-0.1003263
0.0619173	-0.10327265
0.0649469	-0.1057427
0.06985905	-0.1071351
0.07621485	-0.1070289
0.0832954	-0.10552365
0.09044285	-0.1031522
0.09745465	-0.10053955
0.1044695	-0.0982142
0.111784	-0.09634635
0.11957415	-0.09465635
0.12764965	-0.09268115
0.1353916	-0.09007533
0.14205585	-0.087016032
0.1471075	-0.08407061
0.150563	-0.08224845
0.153405	-0.08253605
0.1574595	-0.0848333
0.163775	-0.08716685
0.173411	-0.08803075
0.1872475	-0.0837866
0.201383	-0.06480805
0.189456	-0.024252
0	0
0.142529	-0.065981
0.038274	0.060546
-0.12673285	-0.073013
-0.221205	-0.2646285
-0.3422825	-0.45796
-0.553166	-0.5776005
-0.7515285	-0.518515
-0.8265655	-0.3985845
-0.8193515	-0.315338
-0.7960465	-0.276317
-0.776075	-0.2613495
-2.16E-05	0.006973895
0	0
-0.501607	-0.251184
-0.519986	-0.2422345
-0.5370355	-0.217811
-0.5342675	-0.1765165
-0.494532	-0.138551
-0.416439	-0.1397155
-0.322942	-0.1930045
-0.2051275	-0.29879665
-0.1036805	-0.404935
0	0
0	0
0	0
0.09827	0.08407675
0.0601275	0.025874
0.0554009	-0.01681465
0.06489095	-0.04395135
0.07907765	-0.05658305
0.08837615	-0.05702545
0.0875681	-0.0534455
0.0799232	-0.0539445
0.0714297	-0.059961
0.0655536	-0.0691195
0.06306435	-0.07846545
0.06295145	-0.08586395
0.06340705	-0.0906769
0.06305575	-0.093892
0.0619336	-0.09705425
0.06118095	-0.1011454
0.0622004	-0.10607235
0.0660045	-0.11090185
0.07248245	-0.11428975
0.0806954	-0.1152024
0.08923055	-0.1137196
0.09689435	-0.11083925
0.1035207	-0.1077633
0.1096546	-0.10546715
0.1162147	-0.1042385
0.12391835	-0.10336365
0.1326415	-0.10164215
0.141199	-0.09822371
0.1482179	-0.0933783
0.15254095	-0.08794475
0.1535555	-0.08391135
0.1528455	-0.08439815
0.1550755	-0.08999485
0.1615025	-0.0954953
0.1720695	-0.101505
0.19463805	-0.10830185
0.24362345	-0.0970172
0	0
0	0
0	0
-0.3081795	0.3212815
-0.3556795	0.0441735
-0.4101165	-0.182424
-0.481822	-0.33131
-0.586382	-0.41008
-0.6874825	-0.407316
-0.7490765	-0.36313
-0.7697195	-0.317026
-0.77115	-0.2865315
0	0
-1.95E-05	0.00687732
-3.65E-05	0.006963355
0	0
-0.50219	-0.2310205
-0.5082755	-0.214263
-0.503182	-0.195155
-0.4821935	-0.1859625
-0.446381	-0.2036585
-0.408357	-0.263815
-0.381054	-0.4013685
0	0
0	0
0	0
0	0
-0.0006935	0.135136595
-0.00250105	0.029715
0.017965025	-0.0321707
0.0464579	-0.0669323
0.08053445	-0.07965755
0.10268325	-0.0649785
0.0973986	-0.0459515
0.0798385	-0.0424585
0.06488085	-0.051615
0.0572212	-0.0659645
0.05664135	-0.0797015
0.06039365	-0.0889224
0.0640945	-0.09261005
0.0644996	-0.093617
0.0620004	-0.0957584
0.05927715	-0.10097305
0.05917725	-0.1088689
0.06373805	-0.1174332
0.07282465	-0.1238306
0.0844117	-0.12567095
0.09551585	-0.1231218
0.1039	-0.118357
0.109581	-0.1137565
0.113848	-0.11115915
0.1188404	-0.1112904
0.1266416	-0.11260875
0.1373117	-0.11198194
0.14811815	-0.107521869
0.156706	-0.10002865
0.16122555	-0.090161
0.158537	-0.08031475
0.14906	-0.0800897
0.148072	-0.095458585
0.1574535	-0.1031328
0.15981525	-0.1115782
0.17447745	-0.14581325
0.25096765	-0.201929
0	0
0	0
0	0
0	0
-0.651284	0.014511
-0.574231	-0.1669765
-0.5793715	-0.272875
-0.6213895	-0.329262
-0.6723105	-0.3407735
-0.713664	-0.3251815
-0.7383415	-0.300696
0	0
0.00181286	0.008400655
